theta:

hub values : [2, 2, 1, 1, 3, 2, 11, 3, 5, 3, 2, 9, 0, 5, 0, 5, 5, 1, 0, 3, 2, 0, 1, 3, 1, 3, 1, 11, 2, 3, 4, 6]
layout position values: [[0.71428392 0.32098611 0.08049129 0.05516873]
 [0.77272268 0.52976912 0.08049129 0.05516873]
 [0.72575095 0.42842535 0.08049129 0.05516873]
 [0.72551209 0.65027386 0.08049129 0.05516873]
 [0.74313895 0.76797839 0.08049129 0.05516873]
 [0.62780012 0.7646854  0.08049129 0.05516873]
 [0.66020997 0.54474752 0.08049129 0.05516873]
 [0.62484916 0.33595138 0.08049129 0.05516873]
 [0.58248466 0.86614123 0.08049129 0.05516873]
 [0.57299065 0.93216999 0.08049129 0.05516873]
 [0.3366675  0.92881525 0.08049129 0.05516873]
 [0.33341717 0.86425099 0.08049129 0.05516873]
 [0.45585332 0.76841773 0.08049129 0.05516873]
 [0.56045351 0.66033871 0.08049129 0.05516873]
 [0.45575324 0.5528293  0.08049129 0.05516873]
 [0.56666415 0.44045349 0.08049129 0.05516873]
 [0.33661044 0.25765177 0.08049129 0.05516873]
 [0.35094175 0.19475125 0.08049129 0.05516873]
 [0.45282037 0.19380045 0.08049129 0.05516873]
 [0.55491866 0.19572463 0.08049129 0.05516873]
 [0.57011415 0.25702322 0.08049129 0.05516873]
 [0.45470994 0.33899614 0.08049129 0.05516873]
 [0.34999964 0.44067196 0.08049129 0.05516873]
 [0.3511443  0.66008485 0.08049129 0.05516873]
 [0.2900036  0.33606073 0.08049129 0.05516873]
 [0.2534137  0.54419291 0.08049129 0.05516873]
 [0.28704378 0.76139836 0.08049129 0.05516873]
 [0.1757549  0.76126284 0.08049129 0.05516873]
 [0.19022273 0.64787933 0.08049129 0.05516873]
 [0.19322327 0.42877818 0.08049129 0.05516873]
 [0.13543089 0.52851129 0.08049129 0.05516873]
 [0.19154841 0.32068327 0.08049129 0.05516873]]
Binarized matrix POST-PRE: [[0, 0, 0, 0, 0, 0, 1, 0, 0, 0, 0, 0, 0, 0, 0, 0, 0, 0, 0, 0, 0, 0,
        0, 0, 0, 0, 0, 1, 0, 0, 0, 0],
       [0, 0, 0, 0, 0, 0, 0, 0, 0, 0, 0, 1, 0, 0, 0, 0, 0, 0, 0, 0, 0, 0,
        0, 0, 0, 0, 0, 1, 0, 0, 0, 0],
       [0, 0, 0, 0, 0, 0, 1, 0, 0, 0, 0, 0, 0, 0, 0, 0, 0, 0, 0, 0, 0, 0,
        0, 0, 0, 0, 0, 0, 0, 0, 0, 0],
       [0, 0, 0, 0, 0, 0, 0, 0, 0, 0, 0, 1, 0, 0, 0, 0, 0, 0, 0, 0, 0, 0,
        0, 0, 0, 0, 0, 0, 0, 0, 0, 0],
       [0, 0, 0, 0, 0, 0, 1, 0, 0, 0, 0, 0, 0, 0, 0, 0, 0, 0, 0, 1, 0, 0,
        0, 0, 0, 0, 0, 1, 0, 0, 0, 0],
       [0, 0, 0, 0, 0, 0, 0, 0, 0, 0, 0, 0, 0, 0, 0, 0, 0, 0, 0, 0, 0, 0,
        0, 0, 0, 0, 1, 0, 0, 1, 0, 0],
       [1, 0, 1, 0, 1, 0, 0, 0, 0, 0, 0, 1, 0, 1, 0, 1, 1, 0, 0, 0, 1, 0,
        0, 1, 0, 0, 0, 1, 0, 1, 0, 0],
       [0, 0, 0, 0, 0, 0, 0, 0, 0, 0, 0, 1, 0, 0, 0, 0, 0, 0, 0, 0, 0, 0,
        0, 1, 0, 0, 0, 1, 0, 0, 0, 0],
       [0, 0, 0, 0, 0, 0, 0, 0, 0, 1, 0, 1, 0, 1, 0, 0, 0, 0, 0, 1, 0, 0,
        0, 0, 0, 0, 0, 1, 0, 0, 0, 0],
       [0, 0, 0, 0, 0, 0, 0, 0, 1, 0, 1, 1, 0, 0, 0, 0, 0, 0, 0, 0, 0, 0,
        0, 0, 0, 0, 0, 0, 0, 0, 0, 0],
       [0, 0, 0, 0, 0, 0, 0, 0, 0, 1, 0, 0, 0, 0, 0, 0, 1, 0, 0, 0, 0, 0,
        0, 0, 0, 0, 0, 0, 0, 0, 0, 0],
       [0, 1, 0, 1, 0, 0, 1, 1, 1, 1, 0, 0, 0, 1, 0, 1, 0, 0, 0, 0, 0, 0,
        0, 0, 0, 0, 0, 0, 0, 0, 1, 0],
       [0, 0, 0, 0, 0, 0, 0, 0, 0, 0, 0, 0, 0, 0, 0, 0, 0, 0, 0, 0, 0, 0,
        0, 0, 0, 0, 0, 0, 0, 0, 0, 0],
       [0, 0, 0, 0, 0, 0, 1, 0, 1, 0, 0, 1, 0, 0, 0, 1, 1, 0, 0, 0, 0, 0,
        0, 0, 0, 0, 0, 0, 0, 0, 0, 0],
       [0, 0, 0, 0, 0, 0, 0, 0, 0, 0, 0, 0, 0, 0, 0, 0, 0, 0, 0, 0, 0, 0,
        0, 0, 0, 0, 0, 0, 0, 0, 0, 0],
       [0, 0, 0, 0, 0, 0, 1, 0, 0, 0, 0, 1, 0, 1, 0, 0, 0, 0, 0, 0, 0, 0,
        0, 0, 0, 1, 0, 1, 0, 0, 0, 0],
       [0, 0, 0, 0, 0, 0, 1, 0, 0, 0, 1, 0, 0, 1, 0, 0, 0, 0, 0, 0, 0, 0,
        0, 0, 0, 1, 0, 0, 0, 0, 1, 0],
       [0, 0, 0, 0, 0, 0, 0, 0, 0, 0, 0, 0, 0, 0, 0, 0, 0, 0, 0, 0, 0, 0,
        0, 0, 0, 0, 0, 1, 0, 0, 0, 0],
       [0, 0, 0, 0, 0, 0, 0, 0, 0, 0, 0, 0, 0, 0, 0, 0, 0, 0, 0, 0, 0, 0,
        0, 0, 0, 0, 0, 0, 0, 0, 0, 0],
       [0, 0, 0, 0, 1, 0, 0, 0, 1, 0, 0, 0, 0, 0, 0, 0, 0, 0, 0, 0, 1, 0,
        0, 0, 0, 0, 0, 0, 0, 0, 0, 0],
       [0, 0, 0, 0, 0, 0, 1, 0, 0, 0, 0, 0, 0, 0, 0, 0, 0, 0, 0, 1, 0, 0,
        0, 0, 0, 0, 0, 0, 0, 0, 0, 0],
       [0, 0, 0, 0, 0, 0, 0, 0, 0, 0, 0, 0, 0, 0, 0, 0, 0, 0, 0, 0, 0, 0,
        0, 0, 0, 0, 0, 0, 0, 0, 0, 0],
       [0, 0, 0, 0, 0, 0, 0, 0, 0, 0, 0, 0, 0, 0, 0, 0, 0, 0, 0, 0, 0, 0,
        0, 0, 0, 0, 0, 0, 0, 0, 0, 1],
       [0, 0, 0, 0, 0, 0, 1, 1, 0, 0, 0, 0, 0, 0, 0, 0, 0, 0, 0, 0, 0, 0,
        0, 0, 0, 0, 0, 0, 0, 0, 0, 1],
       [0, 0, 0, 0, 0, 0, 0, 0, 0, 0, 0, 0, 0, 0, 0, 0, 0, 0, 0, 0, 0, 0,
        0, 0, 0, 0, 0, 1, 0, 0, 0, 0],
       [0, 0, 0, 0, 0, 0, 0, 0, 0, 0, 0, 0, 0, 0, 0, 1, 1, 0, 0, 0, 0, 0,
        0, 0, 0, 0, 0, 0, 0, 0, 0, 1],
       [0, 0, 0, 0, 0, 1, 0, 0, 0, 0, 0, 0, 0, 0, 0, 0, 0, 0, 0, 0, 0, 0,
        0, 0, 0, 0, 0, 0, 0, 0, 0, 0],
       [1, 1, 0, 0, 1, 0, 1, 1, 1, 0, 0, 0, 0, 0, 0, 1, 0, 1, 0, 0, 0, 0,
        0, 0, 1, 0, 0, 0, 0, 0, 1, 1],
       [0, 0, 0, 0, 0, 0, 0, 0, 0, 0, 0, 0, 0, 0, 0, 0, 0, 0, 0, 0, 0, 0,
        0, 0, 0, 0, 0, 0, 0, 0, 1, 1],
       [0, 0, 0, 0, 0, 1, 1, 0, 0, 0, 0, 0, 0, 0, 0, 0, 0, 0, 0, 0, 0, 0,
        0, 0, 0, 0, 0, 0, 0, 0, 0, 1],
       [0, 0, 0, 0, 0, 0, 0, 0, 0, 0, 0, 1, 0, 0, 0, 0, 1, 0, 0, 0, 0, 0,
        0, 0, 0, 0, 0, 1, 1, 0, 0, 0],
       [0, 0, 0, 0, 0, 0, 0, 0, 0, 0, 0, 0, 0, 0, 0, 0, 0, 0, 0, 0, 0, 0,
        1, 1, 0, 1, 0, 1, 1, 1, 0, 0]]
GROUP1 FC matrix: [[0.         0.32836174 0.40388258 0.26799242 0.27059659 0.42945076
  0.26917614 0.36742424 0.25189394 0.26491477 0.27272727 0.36931818
  0.33049242 0.29379735 0.32883523 0.31699811 0.32457386 0.31392045
  0.29971591 0.38612689 0.43371212 0.38494318 0.22774621 0.35274621
  0.33333333 0.31818182 0.48224432 0.28077652 0.28527462 0.33806818
  0.234375   0.25591856]
 [0.32836174 0.         0.27817235 0.26349432 0.30018939 0.3420928
  0.16074811 0.28432765 0.20241477 0.22466856 0.2483428  0.27035985
  0.25402462 0.25       0.39251894 0.27272727 0.32078598 0.27817235
  0.25331439 0.30421402 0.31486742 0.29498106 0.26917614 0.27201705
  0.29805871 0.27627841 0.38091856 0.27012311 0.25757576 0.37215909
  0.24668561 0.27627841]
 [0.40388258 0.27817235 0.         0.38423295 0.3532197  0.40482955
  0.31297348 0.44910038 0.36600379 0.34161932 0.32670455 0.39796402
  0.42637311 0.40696023 0.43418561 0.38375947 0.41548295 0.37144886
  0.40956439 0.43892045 0.49195076 0.46638258 0.50284091 0.39441288
  0.4592803  0.42234848 0.40648674 0.41074811 0.3828125  0.35061553
  0.36576705 0.35984848]
 [0.26799242 0.26349432 0.38423295 0.         0.34493371 0.43536932
  0.25710227 0.27154356 0.24976326 0.25071023 0.27604167 0.29876894
  0.25284091 0.28574811 0.42684659 0.22135417 0.2717803  0.25544508
  0.25923295 0.28006629 0.27793561 0.23177083 0.28811553 0.29758523
  0.2204072  0.32765152 0.42874053 0.27935606 0.29131155 0.33688447
  0.24715909 0.26515152]
 [0.27059659 0.30018939 0.3532197  0.34493371 0.         0.29000947
  0.30184659 0.32125947 0.29379735 0.24881629 0.24763258 0.33664773
  0.29190341 0.28456439 0.39464962 0.32599432 0.21756629 0.25023674
  0.27793561 0.24905303 0.29024621 0.25828598 0.25426136 0.30516098
  0.29095644 0.31463068 0.32954545 0.25094697 0.29190341 0.25260417
  0.23579545 0.25733902]
 [0.42945076 0.3420928  0.40482955 0.43536932 0.29000947 0.
  0.43229167 0.39607008 0.40435606 0.40364583 0.30184659 0.42874053
  0.40317235 0.4469697  0.44247159 0.38304924 0.36837121 0.35842803
  0.38423295 0.40838068 0.43655303 0.3922822  0.4453125  0.38967803
  0.45265152 0.40222538 0.31794508 0.30255682 0.38044508 0.32717803
  0.32907197 0.36221591]
 [0.26917614 0.16074811 0.31297348 0.25710227 0.30184659 0.43229167
  0.         0.23745265 0.28918087 0.26207386 0.24502841 0.24905303
  0.28030303 0.27296402 0.44081439 0.29119318 0.31534091 0.23839962
  0.20052083 0.28953598 0.28551136 0.30255682 0.36908144 0.23484848
  0.30208333 0.23555871 0.35085227 0.23461174 0.2249053  0.31155303
  0.27059659 0.23982008]
 [0.36742424 0.28432765 0.44910038 0.27154356 0.32125947 0.39607008
  0.23745265 0.         0.19460227 0.16145833 0.20880682 0.28172348
  0.30516098 0.28669508 0.40672348 0.36955492 0.3499053  0.34564394
  0.31936553 0.41051136 0.37121212 0.37547348 0.40269886 0.32694129
  0.2829072  0.31983902 0.43063447 0.27793561 0.31889205 0.43205492
  0.29498106 0.29083807]
 [0.25189394 0.20241477 0.36600379 0.24976326 0.29379735 0.40435606
  0.28918087 0.19460227 0.         0.26325758 0.2282197  0.2795928
  0.27793561 0.29474432 0.36789773 0.20194129 0.28101326 0.28527462
  0.25639205 0.26633523 0.34256629 0.29427083 0.36576705 0.33925189
  0.34493371 0.3515625  0.46164773 0.32504735 0.33972538 0.3984375
  0.31226326 0.26325758]
 [0.26491477 0.22466856 0.34161932 0.25071023 0.24881629 0.40364583
  0.26207386 0.16145833 0.26325758 0.         0.20501894 0.26586174
  0.20868845 0.2750947  0.36813447 0.24479167 0.28053977 0.26373106
  0.21472538 0.27687027 0.30800189 0.31439394 0.3063447  0.32220644
  0.28929924 0.24289773 0.44957386 0.2795928  0.3203125  0.41998106
  0.22372159 0.30113636]
 [0.27272727 0.2483428  0.32670455 0.27604167 0.24763258 0.30184659
  0.24502841 0.20880682 0.2282197  0.20501894 0.         0.18560606
  0.25402462 0.26467803 0.35795455 0.26231061 0.32410038 0.30089962
  0.27462121 0.32339015 0.3515625  0.35653409 0.34493371 0.27367424
  0.29000947 0.3264678  0.27935606 0.25071023 0.26846591 0.33143939
  0.25094697 0.26467803]
 [0.36931818 0.27035985 0.39796402 0.29876894 0.33664773 0.42874053
  0.24905303 0.28172348 0.2795928  0.26586174 0.18560606 0.
  0.33001894 0.3038589  0.43347538 0.32504735 0.40151515 0.35333807
  0.34765625 0.40317235 0.44318182 0.38636364 0.37949811 0.2985322
  0.35369318 0.40814394 0.36813447 0.30681818 0.33735795 0.43726326
  0.31747159 0.34008049]
 [0.33049242 0.25402462 0.42637311 0.25284091 0.29190341 0.40317235
  0.28030303 0.30516098 0.27793561 0.20868845 0.25402462 0.33001894
  0.         0.27533144 0.40056818 0.22964015 0.30350379 0.33499053
  0.25994318 0.30800189 0.3688447  0.30752841 0.28219697 0.34848485
  0.32386364 0.30918561 0.48011364 0.24195076 0.29142992 0.39701705
  0.25804924 0.29569129]
 [0.29379735 0.25       0.40696023 0.28574811 0.28456439 0.4469697
  0.27296402 0.28669508 0.29474432 0.2750947  0.26467803 0.3038589
  0.27533144 0.         0.4547822  0.30563447 0.31699811 0.31285511
  0.23958333 0.34564394 0.35440341 0.37286932 0.3334517  0.29367898
  0.34019886 0.35984848 0.44720644 0.27225379 0.27627841 0.38470644
  0.30587121 0.30681818]
 [0.32883523 0.39251894 0.43418561 0.42684659 0.39464962 0.44247159
  0.44081439 0.40672348 0.36789773 0.36813447 0.35795455 0.43347538
  0.40056818 0.4547822  0.         0.39464962 0.43631629 0.49313447
  0.42305871 0.44673295 0.49976326 0.50378788 0.48177083 0.55066288
  0.44625947 0.52627841 0.48863636 0.34351326 0.46827652 0.44910038
  0.34706439 0.37121212]
 [0.31699811 0.27272727 0.38375947 0.22135417 0.32599432 0.38304924
  0.29119318 0.36955492 0.20194129 0.24479167 0.26231061 0.32504735
  0.22964015 0.30563447 0.39464962 0.         0.37239583 0.34090909
  0.29202178 0.36860795 0.42258523 0.44270833 0.4202178  0.35594223
  0.3852983  0.33534564 0.48366477 0.29379735 0.29356061 0.35535038
  0.29758523 0.23224432]
 [0.32457386 0.32078598 0.41548295 0.2717803  0.21756629 0.36837121
  0.31534091 0.3499053  0.28101326 0.28053977 0.32410038 0.40151515
  0.30350379 0.31699811 0.43631629 0.37239583 0.         0.37026515
  0.3655303  0.38482481 0.40932765 0.3351089  0.36458333 0.3984375
  0.39003314 0.3359375  0.49147727 0.36576705 0.3733428  0.46212121
  0.24147727 0.34090909]
 [0.31392045 0.27817235 0.37144886 0.25544508 0.25023674 0.35842803
  0.23839962 0.34564394 0.28527462 0.26373106 0.30089962 0.35333807
  0.33499053 0.31285511 0.49313447 0.34090909 0.37026515 0.
  0.37736742 0.35925663 0.35878314 0.31474905 0.39476799 0.26254735
  0.32717803 0.36055871 0.4045928  0.29876894 0.27982955 0.40056818
  0.25686553 0.27130682]
 [0.29971591 0.25331439 0.40956439 0.25923295 0.27793561 0.38423295
  0.20052083 0.31936553 0.25639205 0.21472538 0.27462121 0.34765625
  0.25994318 0.23958333 0.42305871 0.29202178 0.3655303  0.37736742
  0.         0.28219697 0.33404356 0.27734375 0.35878314 0.33948864
  0.30516098 0.26325758 0.48626894 0.25023674 0.31036932 0.43536932
  0.27769886 0.2993608 ]
 [0.38612689 0.30421402 0.43892045 0.28006629 0.24905303 0.40838068
  0.28953598 0.41051136 0.26633523 0.27687027 0.32339015 0.40317235
  0.30800189 0.34564394 0.44673295 0.36860795 0.38482481 0.35925663
  0.28219697 0.         0.32303504 0.28456439 0.3922822  0.33960701
  0.33309659 0.33735795 0.48011364 0.36434659 0.35369318 0.4765625
  0.32339015 0.3445786 ]
 [0.43371212 0.31486742 0.49195076 0.27793561 0.29024621 0.43655303
  0.28551136 0.37121212 0.34256629 0.30800189 0.3515625  0.44318182
  0.3688447  0.35440341 0.49976326 0.42258523 0.40932765 0.35878314
  0.33404356 0.32303504 0.         0.39571496 0.39346591 0.37263258
  0.35286458 0.37476326 0.52059659 0.36363636 0.38435133 0.48342803
  0.31652462 0.33830492]
 [0.38494318 0.29498106 0.46638258 0.23177083 0.25828598 0.3922822
  0.30255682 0.37547348 0.29427083 0.31439394 0.35653409 0.38636364
  0.30752841 0.37286932 0.50378788 0.44270833 0.3351089  0.31474905
  0.27734375 0.28456439 0.39571496 0.         0.4601089  0.36280777
  0.36008523 0.39074337 0.46969697 0.32149621 0.32658617 0.47182765
  0.2993608  0.29782197]
 [0.22774621 0.26917614 0.50284091 0.28811553 0.25426136 0.4453125
  0.36908144 0.40269886 0.36576705 0.3063447  0.34493371 0.37949811
  0.28219697 0.3334517  0.48177083 0.4202178  0.36458333 0.39476799
  0.35878314 0.3922822  0.39346591 0.4601089  0.         0.40187027
  0.41062973 0.38565341 0.48697917 0.34161932 0.34256629 0.51254735
  0.23922822 0.32291667]
 [0.35274621 0.27201705 0.39441288 0.29758523 0.30516098 0.38967803
  0.23484848 0.32694129 0.33925189 0.32220644 0.27367424 0.2985322
  0.34848485 0.29367898 0.55066288 0.35594223 0.3984375  0.26254735
  0.33948864 0.33960701 0.37263258 0.36280777 0.40187027 0.
  0.37428977 0.3454072  0.31534091 0.34351326 0.23484848 0.39630682
  0.24905303 0.26716383]
 [0.33333333 0.29805871 0.4592803  0.2204072  0.29095644 0.45265152
  0.30208333 0.2829072  0.34493371 0.28929924 0.29000947 0.35369318
  0.32386364 0.34019886 0.44625947 0.3852983  0.39003314 0.32717803
  0.30516098 0.33309659 0.35286458 0.36008523 0.41062973 0.37428977
  0.         0.41394413 0.47561553 0.30137311 0.37713068 0.51444129
  0.30894886 0.33546402]
 [0.31818182 0.27627841 0.42234848 0.32765152 0.31463068 0.40222538
  0.23555871 0.31983902 0.3515625  0.24289773 0.3264678  0.40814394
  0.30918561 0.35984848 0.52627841 0.33534564 0.3359375  0.36055871
  0.26325758 0.33735795 0.37476326 0.39074337 0.38565341 0.3454072
  0.41394413 0.         0.51799242 0.36292614 0.36860795 0.43394886
  0.2569839  0.27675189]
 [0.48224432 0.38091856 0.40648674 0.42874053 0.32954545 0.31794508
  0.35085227 0.43063447 0.46164773 0.44957386 0.27935606 0.36813447
  0.48011364 0.44720644 0.48863636 0.48366477 0.49147727 0.4045928
  0.48626894 0.48011364 0.52059659 0.46969697 0.48697917 0.31534091
  0.47561553 0.51799242 0.         0.44412879 0.39204545 0.42140152
  0.38589015 0.40885417]
 [0.28077652 0.27012311 0.41074811 0.27935606 0.25094697 0.30255682
  0.23461174 0.27793561 0.32504735 0.2795928  0.25071023 0.30681818
  0.24195076 0.27225379 0.34351326 0.29379735 0.36576705 0.29876894
  0.25023674 0.36434659 0.36363636 0.32149621 0.34161932 0.34351326
  0.30137311 0.36292614 0.44412879 0.         0.31202652 0.34493371
  0.32623106 0.29095644]
 [0.28527462 0.25757576 0.3828125  0.29131155 0.29190341 0.38044508
  0.2249053  0.31889205 0.33972538 0.3203125  0.26846591 0.33735795
  0.29142992 0.27627841 0.46827652 0.29356061 0.3733428  0.27982955
  0.31036932 0.35369318 0.38435133 0.32658617 0.34256629 0.23484848
  0.37713068 0.36860795 0.39204545 0.31202652 0.         0.40151515
  0.25106534 0.25260417]
 [0.33806818 0.37215909 0.35061553 0.33688447 0.25260417 0.32717803
  0.31155303 0.43205492 0.3984375  0.41998106 0.33143939 0.43726326
  0.39701705 0.38470644 0.44910038 0.35535038 0.46212121 0.40056818
  0.43536932 0.4765625  0.48342803 0.47182765 0.51254735 0.39630682
  0.51444129 0.43394886 0.42140152 0.34493371 0.40151515 0.
  0.35842803 0.32173295]
 [0.234375   0.24668561 0.36576705 0.24715909 0.23579545 0.32907197
  0.27059659 0.29498106 0.31226326 0.22372159 0.25094697 0.31747159
  0.25804924 0.30587121 0.34706439 0.29758523 0.24147727 0.25686553
  0.27769886 0.32339015 0.31652462 0.2993608  0.23922822 0.24905303
  0.30894886 0.2569839  0.38589015 0.32623106 0.25106534 0.35842803
  0.         0.26538826]
 [0.25591856 0.27627841 0.35984848 0.26515152 0.25733902 0.36221591
  0.23982008 0.29083807 0.26325758 0.30113636 0.26467803 0.34008049
  0.29569129 0.30681818 0.37121212 0.23224432 0.34090909 0.27130682
  0.2993608  0.3445786  0.33830492 0.29782197 0.32291667 0.26716383
  0.33546402 0.27675189 0.40885417 0.29095644 0.25260417 0.32173295
  0.26538826 0.        ]]

GROUP2 FC matrix: [[0.         0.35890152 0.39701705 0.25142045 0.27225379 0.43418561
  0.40506629 0.35392992 0.31605114 0.26171875 0.34398674 0.53053977
  0.31770833 0.31960227 0.44578598 0.31226326 0.34588068 0.33641098
  0.39157197 0.44057765 0.41051136 0.3610322  0.27225379 0.36008523
  0.28787879 0.33238636 0.35014205 0.4375     0.31297348 0.4436553
  0.28101326 0.34730114]
 [0.35890152 0.         0.35369318 0.23910985 0.21164773 0.33877841
  0.35440341 0.21732955 0.16998106 0.23342803 0.29900568 0.48461174
  0.20407197 0.28125    0.3297822  0.25260417 0.19389205 0.16039299
  0.29474432 0.35724432 0.20336174 0.25591856 0.22940341 0.28385417
  0.20004735 0.28811553 0.28953598 0.40293561 0.27059659 0.37949811
  0.21235795 0.23319129]
 [0.39701705 0.35369318 0.         0.37168561 0.33972538 0.41287879
  0.51633523 0.40648674 0.39275568 0.46614583 0.38139205 0.50804924
  0.4625947  0.50544508 0.47064394 0.43181818 0.4124053  0.40648674
  0.44341856 0.52793561 0.43465909 0.40625    0.47301136 0.50875947
  0.39654356 0.44910038 0.52438447 0.37571023 0.47892992 0.48934659
  0.43442235 0.4391572 ]
 [0.25142045 0.23910985 0.37168561 0.         0.26183712 0.37263258
  0.37050189 0.24621212 0.20004735 0.31036932 0.32930871 0.47064394
  0.30989583 0.31818182 0.4045928  0.30918561 0.31131629 0.23839962
  0.28006629 0.35108902 0.25189394 0.30066288 0.27225379 0.28385417
  0.26467803 0.32623106 0.27462121 0.36482008 0.23674242 0.41879735
  0.23650568 0.29640152]
 [0.27225379 0.21164773 0.33972538 0.26183712 0.         0.35250947
  0.38423295 0.2405303  0.19247159 0.35984848 0.27296402 0.35464015
  0.29048295 0.36671402 0.34185606 0.33072917 0.28858902 0.27107008
  0.34848485 0.4235322  0.23082386 0.28787879 0.27462121 0.34327652
  0.24739583 0.35535038 0.33357008 0.42282197 0.33996212 0.38186553
  0.24479167 0.31486742]
 [0.43418561 0.33877841 0.41287879 0.37263258 0.35250947 0.
  0.46875    0.35464015 0.43536932 0.48768939 0.31676136 0.37381629
  0.42566288 0.53053977 0.42495265 0.43821023 0.43963068 0.40104167
  0.36055871 0.36363636 0.36032197 0.43963068 0.42471591 0.47466856
  0.39512311 0.39559659 0.46614583 0.33806818 0.39251894 0.4453125
  0.2952178  0.45975379]
 [0.40506629 0.35440341 0.51633523 0.37050189 0.38423295 0.46875
  0.         0.3577178  0.37642045 0.28835227 0.31321023 0.54214015
  0.32457386 0.39583333 0.51254735 0.41453598 0.40743371 0.3359375
  0.39038826 0.37594697 0.390625   0.40601326 0.39820076 0.39038826
  0.3297822  0.35487689 0.35227273 0.42921402 0.32457386 0.46543561
  0.23745265 0.30326705]
 [0.35392992 0.21732955 0.40648674 0.24621212 0.2405303  0.35464015
  0.3577178  0.         0.24266098 0.36931818 0.32481061 0.56557765
  0.31273674 0.37760417 0.49029356 0.3499053  0.37263258 0.33688447
  0.36138731 0.34327652 0.28977273 0.30184659 0.37902462 0.38707386
  0.23768939 0.35369318 0.37144886 0.44081439 0.3375947  0.35890152
  0.25591856 0.24408144]
 [0.31605114 0.16998106 0.39275568 0.20004735 0.19247159 0.43536932
  0.37642045 0.24266098 0.         0.44720644 0.36079545 0.54190341
  0.30539773 0.38340436 0.47111742 0.33948864 0.33143939 0.30184659
  0.37097538 0.40340909 0.27982955 0.28077652 0.31960227 0.36055871
  0.26254735 0.39820076 0.33143939 0.45217803 0.32007576 0.41998106
  0.24526515 0.31534091]
 [0.26171875 0.23342803 0.46614583 0.31036932 0.35984848 0.48768939
  0.28835227 0.36931818 0.44720644 0.         0.44270833 0.53835227
  0.41879735 0.28645833 0.47916667 0.37689394 0.33404356 0.28361742
  0.33262311 0.31960227 0.31723485 0.34848485 0.33499053 0.29711174
  0.32717803 0.24715909 0.31794508 0.34493371 0.24810606 0.46164773
  0.20383523 0.33475379]
 [0.34398674 0.29900568 0.38139205 0.32930871 0.27296402 0.31676136
  0.31321023 0.32481061 0.36079545 0.44270833 0.         0.32907197
  0.35582386 0.33380682 0.36624053 0.33783144 0.40317235 0.37405303
  0.38375947 0.34753788 0.35629735 0.3844697  0.36505682 0.35298295
  0.32410038 0.36695076 0.33972538 0.33214962 0.31960227 0.33357008
  0.27130682 0.32694129]
 [0.53053977 0.48461174 0.50804924 0.47064394 0.35464015 0.37381629
  0.54214015 0.56557765 0.54190341 0.53835227 0.32907197 0.
  0.58546402 0.53480114 0.50520833 0.56273674 0.60890152 0.56202652
  0.5875947  0.54711174 0.6077178  0.66927083 0.51988636 0.36860795
  0.54829545 0.57362689 0.42116477 0.3046875  0.34730114 0.56013258
  0.49431818 0.62689394]
 [0.31770833 0.20407197 0.4625947  0.30989583 0.29048295 0.42566288
  0.32457386 0.31273674 0.30539773 0.41879735 0.35582386 0.58546402
  0.         0.39393939 0.39962121 0.32694129 0.31178977 0.27888258
  0.33723958 0.35416667 0.31297348 0.32528409 0.32765152 0.39867424
  0.30752841 0.38849432 0.38837595 0.46543561 0.3499053  0.4313447
  0.23461174 0.28527462]
 [0.31960227 0.28125    0.50544508 0.31818182 0.36671402 0.53053977
  0.39583333 0.37760417 0.38340436 0.28645833 0.33380682 0.53480114
  0.39393939 0.         0.49905303 0.42211174 0.41642992 0.29379735
  0.37523674 0.38920455 0.37121212 0.4045928  0.30445076 0.37180398
  0.36316288 0.3141572  0.33854167 0.35961174 0.27533144 0.44223485
  0.29214015 0.36991004]
 [0.44578598 0.3297822  0.47064394 0.4045928  0.34185606 0.42495265
  0.51254735 0.49029356 0.47111742 0.47916667 0.36624053 0.50520833
  0.39962121 0.49905303 0.         0.56060606 0.43986742 0.41595644
  0.57410038 0.56202652 0.48887311 0.43678977 0.48816288 0.56392045
  0.42660985 0.53148674 0.53125    0.42282197 0.45999053 0.56747159
  0.42779356 0.45028409]
 [0.31226326 0.25260417 0.43181818 0.30918561 0.33072917 0.43821023
  0.41453598 0.3499053  0.33948864 0.37689394 0.33783144 0.56273674
  0.32694129 0.42211174 0.56060606 0.         0.37760417 0.32670455
  0.40151515 0.36446496 0.44910038 0.27687027 0.3568892  0.42305871
  0.28598485 0.43276515 0.37653883 0.42542614 0.35700758 0.41216856
  0.29000947 0.23768939]
 [0.34588068 0.19389205 0.4124053  0.31131629 0.28858902 0.43963068
  0.40743371 0.37263258 0.33143939 0.33404356 0.40317235 0.60890152
  0.31178977 0.41642992 0.43986742 0.37760417 0.         0.34185606
  0.4704072  0.42601799 0.42483428 0.28847064 0.46460701 0.4461411
  0.34398674 0.41477273 0.42956913 0.48295455 0.40293561 0.5374053
  0.39867424 0.37937973]
 [0.33641098 0.16039299 0.40648674 0.23839962 0.27107008 0.40104167
  0.3359375  0.33688447 0.30184659 0.28361742 0.37405303 0.56202652
  0.27888258 0.29379735 0.41595644 0.32670455 0.34185606 0.
  0.37855114 0.44744318 0.33321496 0.29320549 0.35866477 0.32327178
  0.30918561 0.35558712 0.36221591 0.3984375  0.30681818 0.49597538
  0.31392045 0.3490767 ]
 [0.39157197 0.29474432 0.44341856 0.28006629 0.34848485 0.36055871
  0.39038826 0.36138731 0.37097538 0.33262311 0.38375947 0.5875947
  0.33723958 0.37523674 0.57410038 0.40151515 0.4704072  0.37855114
  0.         0.49491004 0.43726326 0.43927557 0.48555871 0.39405777
  0.4037642  0.42400568 0.38648201 0.48153409 0.42116477 0.43726326
  0.27201705 0.41548295]
 [0.44057765 0.35724432 0.52793561 0.35108902 0.4235322  0.36363636
  0.37594697 0.34327652 0.40340909 0.31960227 0.34753788 0.54711174
  0.35416667 0.38920455 0.56202652 0.36446496 0.42601799 0.44744318
  0.49491004 0.         0.41512784 0.39488636 0.41714015 0.375
  0.28787879 0.32066761 0.35830966 0.4358428  0.37464489 0.46602746
  0.37357955 0.40127841]
 [0.41051136 0.20336174 0.43465909 0.25189394 0.23082386 0.36032197
  0.390625   0.28977273 0.27982955 0.31723485 0.35629735 0.6077178
  0.31297348 0.37121212 0.48887311 0.44910038 0.42483428 0.33321496
  0.43726326 0.41512784 0.         0.40317235 0.41725852 0.40388258
  0.29971591 0.46141098 0.40909091 0.50047348 0.43631629 0.48484848
  0.30610795 0.36955492]
 [0.3610322  0.25591856 0.40625    0.30066288 0.28787879 0.43963068
  0.40601326 0.30184659 0.28077652 0.34848485 0.3844697  0.66927083
  0.32528409 0.4045928  0.43678977 0.27687027 0.28847064 0.29320549
  0.43927557 0.39488636 0.40317235 0.         0.34422348 0.50319602
  0.22999527 0.4625947  0.49076705 0.51751894 0.46223958 0.45004735
  0.38044508 0.33380682]
 [0.27225379 0.22940341 0.47301136 0.27225379 0.27462121 0.42471591
  0.39820076 0.37902462 0.31960227 0.33499053 0.36505682 0.51988636
  0.32765152 0.30445076 0.48816288 0.3568892  0.46460701 0.35866477
  0.48555871 0.41714015 0.41725852 0.34422348 0.         0.35250947
  0.31723485 0.42294034 0.3454072  0.40411932 0.32481061 0.46401515
  0.31226326 0.41927083]
 [0.36008523 0.28385417 0.50875947 0.28385417 0.34327652 0.47466856
  0.39038826 0.38707386 0.36055871 0.29711174 0.35298295 0.36860795
  0.39867424 0.37180398 0.56392045 0.42305871 0.4461411  0.32327178
  0.39405777 0.375      0.40388258 0.50319602 0.35250947 0.
  0.38802083 0.41595644 0.19412879 0.28598485 0.17507102 0.52698864
  0.34090909 0.47916667]
 [0.28787879 0.20004735 0.39654356 0.26467803 0.24739583 0.39512311
  0.3297822  0.23768939 0.26254735 0.32717803 0.32410038 0.54829545
  0.30752841 0.36316288 0.42660985 0.28598485 0.34398674 0.30918561
  0.4037642  0.28787879 0.29971591 0.22999527 0.31723485 0.38802083
  0.         0.35878314 0.37736742 0.44010417 0.38612689 0.41358902
  0.29000947 0.30587121]
 [0.33238636 0.28811553 0.44910038 0.32623106 0.35535038 0.39559659
  0.35487689 0.35369318 0.39820076 0.24715909 0.36695076 0.57362689
  0.38849432 0.3141572  0.53148674 0.43276515 0.41477273 0.35558712
  0.42400568 0.32066761 0.46141098 0.4625947  0.42294034 0.41595644
  0.35878314 0.         0.39749053 0.47230114 0.40033144 0.51822917
  0.32457386 0.49455492]
 [0.35014205 0.28953598 0.52438447 0.27462121 0.33357008 0.46614583
  0.35227273 0.37144886 0.33143939 0.31794508 0.33972538 0.42116477
  0.38837595 0.33854167 0.53125    0.37653883 0.42956913 0.36221591
  0.38648201 0.35830966 0.40909091 0.49076705 0.3454072  0.19412879
  0.37736742 0.39749053 0.         0.28811553 0.19424716 0.49491004
  0.35298295 0.46946023]
 [0.4375     0.40293561 0.37571023 0.36482008 0.42282197 0.33806818
  0.42921402 0.44081439 0.45217803 0.34493371 0.33214962 0.3046875
  0.46543561 0.35961174 0.42282197 0.42542614 0.48295455 0.3984375
  0.48153409 0.4358428  0.50047348 0.51751894 0.40411932 0.28598485
  0.44010417 0.47230114 0.28811553 0.         0.31581439 0.54805871
  0.48319129 0.57528409]
 [0.31297348 0.27059659 0.47892992 0.23674242 0.33996212 0.39251894
  0.32457386 0.3375947  0.32007576 0.24810606 0.31960227 0.34730114
  0.3499053  0.27533144 0.45999053 0.35700758 0.40293561 0.30681818
  0.42116477 0.37464489 0.43631629 0.46223958 0.32481061 0.17507102
  0.38612689 0.40033144 0.19424716 0.31581439 0.         0.52627841
  0.39464962 0.47727273]
 [0.4436553  0.37949811 0.48934659 0.41879735 0.38186553 0.4453125
  0.46543561 0.35890152 0.41998106 0.46164773 0.33357008 0.56013258
  0.4313447  0.44223485 0.56747159 0.41216856 0.5374053  0.49597538
  0.43726326 0.46602746 0.48484848 0.45004735 0.46401515 0.52698864
  0.41358902 0.51822917 0.49491004 0.54805871 0.52627841 0.
  0.3375947  0.42329545]
 [0.28101326 0.21235795 0.43442235 0.23650568 0.24479167 0.2952178
  0.23745265 0.25591856 0.24526515 0.20383523 0.27130682 0.49431818
  0.23461174 0.29214015 0.42779356 0.29000947 0.39867424 0.31392045
  0.27201705 0.37357955 0.30610795 0.38044508 0.31226326 0.34090909
  0.29000947 0.32457386 0.35298295 0.48319129 0.39464962 0.3375947
  0.         0.31297348]
 [0.34730114 0.23319129 0.4391572  0.29640152 0.31486742 0.45975379
  0.30326705 0.24408144 0.31534091 0.33475379 0.32694129 0.62689394
  0.28527462 0.36991004 0.45028409 0.23768939 0.37937973 0.3490767
  0.41548295 0.40127841 0.36955492 0.33380682 0.41927083 0.47916667
  0.30587121 0.49455492 0.46946023 0.57528409 0.47727273 0.42329545
  0.31297348 0.        ]]







alpha:
 [2, 3, 3, 1, 4, 3, 5, 2, 2, 3, 7, 14, 0, 1, 0, 3, 4, 3, 0, 1, 0, 0, 2, 2, 1, 1, 2, 9, 2, 5, 2, 7]
layout pos values: [[0.71428392 0.32098611 0.08049129 0.05516873]
 [0.77272268 0.52976912 0.08049129 0.05516873]
 [0.72575095 0.42842535 0.08049129 0.05516873]
 [0.72551209 0.65027386 0.08049129 0.05516873]
 [0.74313895 0.76797839 0.08049129 0.05516873]
 [0.62780012 0.7646854  0.08049129 0.05516873]
 [0.66020997 0.54474752 0.08049129 0.05516873]
 [0.62484916 0.33595138 0.08049129 0.05516873]
 [0.58248466 0.86614123 0.08049129 0.05516873]
 [0.57299065 0.93216999 0.08049129 0.05516873]
 [0.3366675  0.92881525 0.08049129 0.05516873]
 [0.33341717 0.86425099 0.08049129 0.05516873]
 [0.45585332 0.76841773 0.08049129 0.05516873]
 [0.56045351 0.66033871 0.08049129 0.05516873]
 [0.45575324 0.5528293  0.08049129 0.05516873]
 [0.56666415 0.44045349 0.08049129 0.05516873]
 [0.33661044 0.25765177 0.08049129 0.05516873]
 [0.35094175 0.19475125 0.08049129 0.05516873]
 [0.45282037 0.19380045 0.08049129 0.05516873]
 [0.55491866 0.19572463 0.08049129 0.05516873]
 [0.57011415 0.25702322 0.08049129 0.05516873]
 [0.45470994 0.33899614 0.08049129 0.05516873]
 [0.34999964 0.44067196 0.08049129 0.05516873]
 [0.3511443  0.66008485 0.08049129 0.05516873]
 [0.2900036  0.33606073 0.08049129 0.05516873]
 [0.2534137  0.54419291 0.08049129 0.05516873]
 [0.28704378 0.76139836 0.08049129 0.05516873]
 [0.1757549  0.76126284 0.08049129 0.05516873]
 [0.19022273 0.64787933 0.08049129 0.05516873]
 [0.19322327 0.42877818 0.08049129 0.05516873]
 [0.13543089 0.52851129 0.08049129 0.05516873]
 [0.19154841 0.32068327 0.08049129 0.05516873]]
binarized matrix POST-PRE: [[0, 0, 0, 0, 0, 0, 0, 0, 0, 0, 0, 1, 0, 0, 0, 0, 0, 0, 0, 0, 0, 0,
        0, 0, 0, 0, 0, 1, 0, 0, 0, 0],
       [0, 0, 0, 0, 0, 0, 0, 0, 0, 0, 0, 1, 0, 0, 0, 0, 0, 0, 0, 0, 0, 0,
        0, 0, 0, 0, 0, 1, 0, 1, 0, 0],
       [0, 0, 0, 0, 0, 0, 1, 0, 0, 1, 0, 0, 0, 0, 0, 0, 0, 0, 0, 0, 0, 0,
        0, 0, 0, 0, 0, 0, 0, 0, 0, 1],
       [0, 0, 0, 0, 0, 0, 0, 0, 0, 0, 0, 1, 0, 0, 0, 0, 0, 0, 0, 0, 0, 0,
        0, 0, 0, 0, 0, 0, 0, 0, 0, 0],
       [0, 0, 0, 0, 0, 1, 1, 0, 0, 0, 0, 0, 0, 0, 0, 0, 0, 0, 0, 1, 0, 0,
        0, 0, 0, 0, 0, 0, 0, 0, 0, 1],
       [0, 0, 0, 0, 1, 0, 0, 0, 0, 0, 0, 0, 0, 0, 0, 0, 1, 0, 0, 0, 0, 0,
        0, 0, 0, 0, 1, 0, 0, 0, 0, 0],
       [0, 0, 1, 0, 1, 0, 0, 0, 0, 0, 0, 1, 0, 0, 0, 0, 0, 0, 0, 0, 0, 0,
        0, 0, 0, 0, 0, 1, 0, 1, 0, 0],
       [0, 0, 0, 0, 0, 0, 0, 0, 0, 0, 0, 1, 0, 0, 0, 0, 0, 0, 0, 0, 0, 0,
        0, 0, 0, 0, 0, 1, 0, 0, 0, 0],
       [0, 0, 0, 0, 0, 0, 0, 0, 0, 0, 0, 1, 0, 0, 0, 0, 0, 0, 0, 0, 0, 0,
        0, 0, 0, 0, 0, 1, 0, 0, 0, 0],
       [0, 0, 1, 0, 0, 0, 0, 0, 0, 0, 1, 1, 0, 0, 0, 0, 0, 0, 0, 0, 0, 0,
        0, 0, 0, 0, 0, 0, 0, 0, 0, 0],
       [0, 0, 0, 0, 0, 0, 0, 0, 0, 1, 0, 0, 0, 0, 0, 1, 1, 1, 0, 0, 0, 0,
        1, 0, 0, 0, 1, 0, 0, 1, 0, 0],
       [1, 1, 0, 1, 0, 0, 1, 1, 1, 1, 0, 0, 0, 1, 0, 1, 0, 1, 0, 0, 0, 0,
        0, 1, 0, 0, 0, 0, 1, 0, 1, 1],
       [0, 0, 0, 0, 0, 0, 0, 0, 0, 0, 0, 0, 0, 0, 0, 0, 0, 0, 0, 0, 0, 0,
        0, 0, 0, 0, 0, 0, 0, 0, 0, 0],
       [0, 0, 0, 0, 0, 0, 0, 0, 0, 0, 0, 1, 0, 0, 0, 0, 0, 0, 0, 0, 0, 0,
        0, 0, 0, 0, 0, 0, 0, 0, 0, 0],
       [0, 0, 0, 0, 0, 0, 0, 0, 0, 0, 0, 0, 0, 0, 0, 0, 0, 0, 0, 0, 0, 0,
        0, 0, 0, 0, 0, 0, 0, 0, 0, 0],
       [0, 0, 0, 0, 0, 0, 0, 0, 0, 0, 1, 1, 0, 0, 0, 0, 0, 0, 0, 0, 0, 0,
        0, 0, 0, 0, 0, 0, 0, 1, 0, 0],
       [0, 0, 0, 0, 0, 1, 0, 0, 0, 0, 1, 0, 0, 0, 0, 0, 0, 0, 0, 0, 0, 0,
        1, 1, 0, 0, 0, 0, 0, 0, 0, 0],
       [0, 0, 0, 0, 0, 0, 0, 0, 0, 0, 1, 1, 0, 0, 0, 0, 0, 0, 0, 0, 0, 0,
        0, 0, 0, 0, 0, 1, 0, 0, 0, 0],
       [0, 0, 0, 0, 0, 0, 0, 0, 0, 0, 0, 0, 0, 0, 0, 0, 0, 0, 0, 0, 0, 0,
        0, 0, 0, 0, 0, 0, 0, 0, 0, 0],
       [0, 0, 0, 0, 1, 0, 0, 0, 0, 0, 0, 0, 0, 0, 0, 0, 0, 0, 0, 0, 0, 0,
        0, 0, 0, 0, 0, 0, 0, 0, 0, 0],
       [0, 0, 0, 0, 0, 0, 0, 0, 0, 0, 0, 0, 0, 0, 0, 0, 0, 0, 0, 0, 0, 0,
        0, 0, 0, 0, 0, 0, 0, 0, 0, 0],
       [0, 0, 0, 0, 0, 0, 0, 0, 0, 0, 0, 0, 0, 0, 0, 0, 0, 0, 0, 0, 0, 0,
        0, 0, 0, 0, 0, 0, 0, 0, 0, 0],
       [0, 0, 0, 0, 0, 0, 0, 0, 0, 0, 1, 0, 0, 0, 0, 0, 1, 0, 0, 0, 0, 0,
        0, 0, 0, 0, 0, 0, 0, 0, 0, 0],
       [0, 0, 0, 0, 0, 0, 0, 0, 0, 0, 0, 1, 0, 0, 0, 0, 1, 0, 0, 0, 0, 0,
        0, 0, 0, 0, 0, 0, 0, 0, 0, 0],
       [0, 0, 0, 0, 0, 0, 0, 0, 0, 0, 0, 0, 0, 0, 0, 0, 0, 0, 0, 0, 0, 0,
        0, 0, 0, 0, 0, 1, 0, 0, 0, 0],
       [0, 0, 0, 0, 0, 0, 0, 0, 0, 0, 0, 0, 0, 0, 0, 0, 0, 0, 0, 0, 0, 0,
        0, 0, 0, 0, 0, 0, 0, 0, 0, 1],
       [0, 0, 0, 0, 0, 1, 0, 0, 0, 0, 1, 0, 0, 0, 0, 0, 0, 0, 0, 0, 0, 0,
        0, 0, 0, 0, 0, 0, 0, 0, 0, 0],
       [1, 1, 0, 0, 0, 0, 1, 1, 1, 0, 0, 0, 0, 0, 0, 0, 0, 1, 0, 0, 0, 0,
        0, 0, 1, 0, 0, 0, 0, 0, 1, 1],
       [0, 0, 0, 0, 0, 0, 0, 0, 0, 0, 0, 1, 0, 0, 0, 0, 0, 0, 0, 0, 0, 0,
        0, 0, 0, 0, 0, 0, 0, 0, 0, 1],
       [0, 1, 0, 0, 0, 0, 1, 0, 0, 0, 1, 0, 0, 0, 0, 1, 0, 0, 0, 0, 0, 0,
        0, 0, 0, 0, 0, 0, 0, 0, 0, 1],
       [0, 0, 0, 0, 0, 0, 0, 0, 0, 0, 0, 1, 0, 0, 0, 0, 0, 0, 0, 0, 0, 0,
        0, 0, 0, 0, 0, 1, 0, 0, 0, 0],
       [0, 0, 1, 0, 1, 0, 0, 0, 0, 0, 0, 1, 0, 0, 0, 0, 0, 0, 0, 0, 0, 0,
        0, 0, 0, 1, 0, 1, 1, 1, 0, 0]]
GROUP1 FC matrix: [[0.         0.3219697  0.56666667 0.2905303  0.32064394 0.46799242
  0.30681818 0.45435606 0.30852273 0.29602273 0.34356061 0.40151515
  0.39450758 0.30265152 0.40473485 0.35037879 0.35984848 0.34469697
  0.36420455 0.47329545 0.47613636 0.39166667 0.27878788 0.37443182
  0.35568182 0.37897727 0.50284091 0.35795455 0.33712121 0.43920455
  0.24829545 0.27613636]
 [0.3219697  0.         0.36723485 0.26231061 0.39715909 0.38882576
  0.19024621 0.31363636 0.21060606 0.21268939 0.31761364 0.26723485
  0.21041667 0.23996212 0.39431818 0.26818182 0.3282197  0.29034091
  0.24621212 0.31799242 0.31515152 0.32897727 0.30549242 0.28712121
  0.34943182 0.275      0.39242424 0.35340909 0.28522727 0.41401515
  0.29299242 0.25397727]
 [0.56666667 0.36723485 0.         0.45416667 0.46003788 0.47026515
  0.36628788 0.51098485 0.43295455 0.40340909 0.38390152 0.53068182
  0.51060606 0.48712121 0.50719697 0.50681818 0.51117424 0.44753788
  0.47992424 0.52708333 0.63143939 0.51628788 0.56231061 0.50113636
  0.47708333 0.55359848 0.51079545 0.43825758 0.51231061 0.48162879
  0.4467803  0.41496212]
 [0.2905303  0.26231061 0.45416667 0.         0.4405303  0.45530303
  0.30284091 0.2657197  0.1967803  0.24962121 0.31742424 0.35416667
  0.29602273 0.27916667 0.47840909 0.22329545 0.29469697 0.32253788
  0.32992424 0.37045455 0.37121212 0.28409091 0.30473485 0.36363636
  0.26212121 0.39166667 0.50075758 0.36950758 0.30795455 0.37310606
  0.27784091 0.18087121]
 [0.32064394 0.39715909 0.46003788 0.4405303  0.         0.39450758
  0.41647727 0.4157197  0.41723485 0.34640152 0.33958333 0.40208333
  0.48920455 0.40132576 0.51477273 0.46060606 0.33125    0.42537879
  0.425      0.37670455 0.45397727 0.39734848 0.36458333 0.44090909
  0.40246212 0.47348485 0.37215909 0.36988636 0.37670455 0.34943182
  0.33825758 0.37462121]
 [0.46799242 0.38882576 0.47026515 0.45530303 0.39450758 0.
  0.49602273 0.43465909 0.48238636 0.44412879 0.31098485 0.43844697
  0.45871212 0.4625     0.58106061 0.51041667 0.39185606 0.5
  0.48958333 0.46704545 0.51193182 0.42651515 0.57575758 0.47367424
  0.51306818 0.5282197  0.33219697 0.33636364 0.44299242 0.48219697
  0.38484848 0.46022727]
 [0.30681818 0.19024621 0.36628788 0.30284091 0.41647727 0.49602273
  0.         0.275      0.24905303 0.24772727 0.35643939 0.30208333
  0.28503788 0.34166667 0.47064394 0.3157197  0.29393939 0.22708333
  0.19469697 0.31382576 0.30018939 0.30530303 0.35719697 0.2655303
  0.2875     0.25113636 0.40909091 0.31628788 0.23712121 0.3092803
  0.23579545 0.18087121]
 [0.45435606 0.31363636 0.51098485 0.2657197  0.4157197  0.43465909
  0.275      0.         0.23191288 0.21041667 0.35984848 0.35037879
  0.30056818 0.29848485 0.45965909 0.41098485 0.35265152 0.35795455
  0.33977273 0.48087121 0.43806818 0.37916667 0.34166667 0.33977273
  0.25416667 0.35511364 0.4655303  0.39412879 0.32102273 0.48333333
  0.28238636 0.32007576]
 [0.30852273 0.21060606 0.43295455 0.1967803  0.41723485 0.48238636
  0.24905303 0.23191288 0.         0.28901515 0.29166667 0.29905303
  0.30397727 0.27452652 0.48276515 0.25700758 0.32878788 0.33882576
  0.3155303  0.37282197 0.40795455 0.31685606 0.40852273 0.39488636
  0.32746212 0.44526515 0.49204545 0.35814394 0.33181818 0.47916667
  0.3        0.26155303]
 [0.29602273 0.21268939 0.40340909 0.24962121 0.34640152 0.44412879
  0.24772727 0.21041667 0.28901515 0.         0.33295455 0.34924242
  0.20132576 0.2625     0.36893939 0.28920455 0.2907197  0.27594697
  0.25492424 0.28096591 0.33806818 0.27026515 0.28731061 0.35113636
  0.28503788 0.26780303 0.46950758 0.35681818 0.31022727 0.45833333
  0.20909091 0.28939394]
 [0.34356061 0.31761364 0.38390152 0.31742424 0.33958333 0.31098485
  0.35643939 0.35984848 0.29166667 0.33295455 0.         0.31117424
  0.35227273 0.30151515 0.39867424 0.38143939 0.36628788 0.37291667
  0.36515152 0.41969697 0.40227273 0.40473485 0.38920455 0.40075758
  0.36401515 0.4407197  0.36287879 0.23939394 0.35890152 0.39450758
  0.33712121 0.34924242]
 [0.40151515 0.26723485 0.53068182 0.35416667 0.40208333 0.43844697
  0.30208333 0.35037879 0.29905303 0.34924242 0.31117424 0.
  0.42727273 0.34791667 0.53276515 0.39659091 0.43465909 0.42727273
  0.44583333 0.50075758 0.51079545 0.43484848 0.45700758 0.40511364
  0.43465909 0.48484848 0.46799242 0.35511364 0.32916667 0.50795455
  0.3875     0.33806818]
 [0.39450758 0.21041667 0.51060606 0.29602273 0.48920455 0.45871212
  0.28503788 0.30056818 0.30397727 0.20132576 0.35227273 0.42727273
  0.         0.3092803  0.47632576 0.34346591 0.38977273 0.40454545
  0.29090909 0.34498106 0.3905303  0.34905303 0.45530303 0.41581439
  0.42973485 0.37121212 0.55606061 0.38541667 0.38636364 0.52708333
  0.27746212 0.38030303]
 [0.30265152 0.23996212 0.48712121 0.27916667 0.40132576 0.4625
  0.34166667 0.29848485 0.27452652 0.2625     0.30151515 0.34791667
  0.3092803  0.         0.50492424 0.3749053  0.35123106 0.35359848
  0.29431818 0.41818182 0.39753788 0.36231061 0.40984848 0.3717803
  0.4188447  0.39867424 0.49640152 0.3467803  0.30056818 0.47651515
  0.30113636 0.33238636]
 [0.40473485 0.39431818 0.50719697 0.47840909 0.51477273 0.58106061
  0.47064394 0.45965909 0.48276515 0.36893939 0.39867424 0.53276515
  0.47632576 0.50492424 0.         0.42897727 0.5625     0.5842803
  0.4967803  0.49223485 0.58768939 0.53503788 0.5719697  0.6342803
  0.56912879 0.56363636 0.5842803  0.43920455 0.53617424 0.59431818
  0.39431818 0.45549242]
 [0.35037879 0.26818182 0.50681818 0.22329545 0.46060606 0.51041667
  0.3157197  0.41098485 0.25700758 0.28920455 0.38143939 0.39659091
  0.34346591 0.3749053  0.42897727 0.         0.41893939 0.3999053
  0.34034091 0.41941288 0.42670455 0.46164773 0.48125    0.40501894
  0.41581439 0.42992424 0.53295455 0.33219697 0.35965909 0.41761364
  0.33655303 0.25776515]
 [0.35984848 0.3282197  0.51117424 0.29469697 0.33125    0.39185606
  0.29393939 0.35265152 0.32878788 0.2907197  0.36628788 0.43465909
  0.38977273 0.35123106 0.5625     0.41893939 0.         0.39630682
  0.4344697  0.459375   0.43617424 0.36382576 0.36714015 0.42045455
  0.39431818 0.41931818 0.5030303  0.44924242 0.3811553  0.54166667
  0.25094697 0.37026515]
 [0.34469697 0.29034091 0.44753788 0.32253788 0.42537879 0.5
  0.22708333 0.35795455 0.33882576 0.27594697 0.37291667 0.42727273
  0.40454545 0.35359848 0.5842803  0.3999053  0.39630682 0.
  0.40568182 0.41960227 0.42357955 0.33058712 0.47982955 0.36818182
  0.38768939 0.40776515 0.47121212 0.3717803  0.31382576 0.45170455
  0.28465909 0.31590909]
 [0.36420455 0.24621212 0.47992424 0.32992424 0.425      0.48958333
  0.19469697 0.33977273 0.3155303  0.25492424 0.36515152 0.44583333
  0.29090909 0.29431818 0.4967803  0.34034091 0.4344697  0.40568182
  0.         0.38039773 0.33948864 0.25454545 0.45151515 0.39592803
  0.35293561 0.35208333 0.5217803  0.38939394 0.37840909 0.52234848
  0.28863636 0.39431818]
 [0.47329545 0.31799242 0.52708333 0.37045455 0.37670455 0.46704545
  0.31382576 0.48087121 0.37282197 0.28096591 0.41969697 0.50075758
  0.34498106 0.41818182 0.49223485 0.41941288 0.459375   0.41960227
  0.38039773 0.         0.39204545 0.35539773 0.46590909 0.39469697
  0.45445076 0.40265152 0.51174242 0.51704545 0.40814394 0.54905303
  0.33977273 0.45359848]
 [0.47613636 0.31515152 0.63143939 0.37121212 0.45397727 0.51193182
  0.30018939 0.43806818 0.40795455 0.33806818 0.40227273 0.51079545
  0.3905303  0.39753788 0.58768939 0.42670455 0.43617424 0.42357955
  0.33948864 0.39204545 0.         0.41155303 0.46515152 0.44232955
  0.47613636 0.43892045 0.56098485 0.47537879 0.44356061 0.53030303
  0.33882576 0.40018939]
 [0.39166667 0.32897727 0.51628788 0.28409091 0.39734848 0.42651515
  0.30530303 0.37916667 0.31685606 0.27026515 0.40473485 0.43484848
  0.34905303 0.36231061 0.53503788 0.46164773 0.36382576 0.33058712
  0.25454545 0.35539773 0.41155303 0.         0.47518939 0.33731061
  0.3657197  0.41875    0.48295455 0.44450758 0.37414773 0.53863636
  0.34090909 0.35331439]
 [0.27878788 0.30549242 0.56231061 0.30473485 0.36458333 0.57575758
  0.35719697 0.34166667 0.40852273 0.28731061 0.38920455 0.45700758
  0.45530303 0.40984848 0.5719697  0.48125    0.36714015 0.47982955
  0.45151515 0.46590909 0.46515152 0.47518939 0.         0.471875
  0.40691288 0.45132576 0.55606061 0.45587121 0.4092803  0.51306818
  0.32386364 0.34308712]
 [0.37443182 0.28712121 0.50113636 0.36363636 0.44090909 0.47367424
  0.2655303  0.33977273 0.39488636 0.35113636 0.40075758 0.40511364
  0.41581439 0.3717803  0.6342803  0.40501894 0.42045455 0.36818182
  0.39592803 0.39469697 0.44232955 0.33731061 0.471875   0.
  0.49848485 0.47452652 0.3657197  0.4657197  0.29412879 0.50094697
  0.29782197 0.33901515]
 [0.35568182 0.34943182 0.47708333 0.26212121 0.40246212 0.51306818
  0.2875     0.25416667 0.32746212 0.28503788 0.36401515 0.43465909
  0.42973485 0.4188447  0.56912879 0.41581439 0.39431818 0.38768939
  0.35293561 0.45445076 0.47613636 0.3657197  0.40691288 0.49848485
  0.         0.48882576 0.56931818 0.39242424 0.44356061 0.61950758
  0.3405303  0.40587121]
 [0.37897727 0.275      0.55359848 0.39166667 0.47348485 0.5282197
  0.25113636 0.35511364 0.44526515 0.26780303 0.4407197  0.48484848
  0.37121212 0.39867424 0.56363636 0.42992424 0.41931818 0.40776515
  0.35208333 0.40265152 0.43892045 0.41875    0.45132576 0.47452652
  0.48882576 0.         0.61060606 0.4530303  0.39725379 0.57462121
  0.33617424 0.38835227]
 [0.50284091 0.39242424 0.51079545 0.50075758 0.37215909 0.33219697
  0.40909091 0.4655303  0.49204545 0.46950758 0.36287879 0.46799242
  0.55606061 0.49640152 0.5842803  0.53295455 0.5030303  0.47121212
  0.5217803  0.51174242 0.56098485 0.48295455 0.55606061 0.3657197
  0.56931818 0.61060606 0.         0.44943182 0.41477273 0.47973485
  0.43371212 0.43674242]
 [0.35795455 0.35340909 0.43825758 0.36950758 0.36988636 0.33636364
  0.31628788 0.39412879 0.35814394 0.35681818 0.23939394 0.35511364
  0.38541667 0.3467803  0.43920455 0.33219697 0.44924242 0.3717803
  0.38939394 0.51704545 0.47537879 0.44450758 0.45587121 0.4657197
  0.39242424 0.4530303  0.44943182 0.         0.39545455 0.44659091
  0.41590909 0.37064394]
 [0.33712121 0.28522727 0.51231061 0.30795455 0.37670455 0.44299242
  0.23712121 0.32102273 0.33181818 0.31022727 0.35890152 0.32916667
  0.38636364 0.30056818 0.53617424 0.35965909 0.3811553  0.31382576
  0.37840909 0.40814394 0.44356061 0.37414773 0.4092803  0.29412879
  0.44356061 0.39725379 0.41477273 0.39545455 0.         0.51628788
  0.29734848 0.29829545]
 [0.43920455 0.41401515 0.48162879 0.37310606 0.34943182 0.48219697
  0.3092803  0.48333333 0.47916667 0.45833333 0.39450758 0.50795455
  0.52708333 0.47651515 0.59431818 0.41761364 0.54166667 0.45170455
  0.52234848 0.54905303 0.53030303 0.53863636 0.51306818 0.50094697
  0.61950758 0.57462121 0.47973485 0.44659091 0.51628788 0.
  0.45170455 0.39034091]
 [0.24829545 0.29299242 0.4467803  0.27784091 0.33825758 0.38484848
  0.23579545 0.28238636 0.3        0.20909091 0.33712121 0.3875
  0.27746212 0.30113636 0.39431818 0.33655303 0.25094697 0.28465909
  0.28863636 0.33977273 0.33882576 0.34090909 0.32386364 0.29782197
  0.3405303  0.33617424 0.43371212 0.41590909 0.29734848 0.45170455
  0.         0.26382576]
 [0.27613636 0.25397727 0.41496212 0.18087121 0.37462121 0.46022727
  0.18087121 0.32007576 0.26155303 0.28939394 0.34924242 0.33806818
  0.38030303 0.33238636 0.45549242 0.25776515 0.37026515 0.31590909
  0.39431818 0.45359848 0.40018939 0.35331439 0.34308712 0.33901515
  0.40587121 0.38835227 0.43674242 0.37064394 0.29829545 0.39034091
  0.26382576 0.        ]]


GROUP2 FC matrix: [[0.         0.39299242 0.47575758 0.24356061 0.38787879 0.48693182
  0.39469697 0.41628788 0.32026515 0.32329545 0.40587121 0.6217803
  0.29299242 0.30833333 0.50549242 0.30625    0.37481061 0.3592803
  0.4375     0.47045455 0.44905303 0.36079545 0.25795455 0.42594697
  0.25473485 0.35246212 0.41382576 0.49356061 0.37253788 0.47537879
  0.33465909 0.36685606]
 [0.39299242 0.         0.43409091 0.23892045 0.31344697 0.40397727
  0.32651515 0.23882576 0.21723485 0.21988636 0.39223485 0.56742424
  0.29015152 0.24280303 0.39924242 0.33267045 0.30151515 0.17973485
  0.33049242 0.39583333 0.22291667 0.30776515 0.25852273 0.35284091
  0.26950758 0.29185606 0.3469697  0.49015152 0.33304924 0.48200758
  0.27007576 0.3375    ]
 [0.47575758 0.43409091 0.         0.44015152 0.44261364 0.4342803
  0.63636364 0.45265152 0.40587121 0.48219697 0.40227273 0.52007576
  0.48996212 0.52310606 0.53920455 0.53314394 0.48030303 0.45852273
  0.50606061 0.58560606 0.47689394 0.42613636 0.50681818 0.56666667
  0.40056818 0.47746212 0.56325758 0.42045455 0.53068182 0.43636364
  0.52973485 0.51496212]
 [0.24356061 0.23892045 0.44015152 0.         0.32594697 0.42007576
  0.37888258 0.22746212 0.215625   0.25871212 0.4032197  0.49507576
  0.31287879 0.29791667 0.44886364 0.32045455 0.28617424 0.24412879
  0.27310606 0.32632576 0.25151515 0.27632576 0.26136364 0.29261364
  0.24715909 0.28844697 0.27935606 0.39867424 0.2594697  0.43617424
  0.28257576 0.34109848]
 [0.38787879 0.31344697 0.44261364 0.32594697 0.         0.45568182
  0.47462121 0.33390152 0.26912879 0.44545455 0.35037879 0.41231061
  0.42310606 0.43181818 0.39715909 0.44659091 0.4469697  0.40284091
  0.49848485 0.54810606 0.37840909 0.39223485 0.37746212 0.45075758
  0.33143939 0.43522727 0.43655303 0.43049242 0.42632576 0.44109848
  0.3655303  0.45587121]
 [0.48693182 0.40397727 0.4342803  0.42007576 0.45568182 0.
  0.50814394 0.39242424 0.5155303  0.525      0.42954545 0.3782197
  0.52102273 0.57859848 0.55435606 0.47670455 0.48276515 0.46117424
  0.43219697 0.39715909 0.41420455 0.48617424 0.47840909 0.50606061
  0.47234848 0.46212121 0.48465909 0.35511364 0.42140152 0.44715909
  0.39602273 0.50511364]
 [0.39469697 0.32651515 0.63636364 0.37888258 0.47462121 0.50814394
  0.         0.43295455 0.40350379 0.2407197  0.43844697 0.63977273
  0.3907197  0.37518939 0.57575758 0.41098485 0.44261364 0.37386364
  0.47253788 0.43371212 0.45227273 0.42310606 0.39981061 0.45265152
  0.33390152 0.3719697  0.42329545 0.53617424 0.39715909 0.53825758
  0.28295455 0.37897727]
 [0.41628788 0.23882576 0.45265152 0.22746212 0.33390152 0.39242424
  0.43295455 0.         0.26212121 0.33655303 0.40359848 0.62215909
  0.34715909 0.38768939 0.57537879 0.43276515 0.40511364 0.35918561
  0.38143939 0.33693182 0.25681818 0.30208333 0.40852273 0.43787879
  0.275      0.35094697 0.39867424 0.50965909 0.35899621 0.41287879
  0.3032197  0.28996212]
 [0.32026515 0.21723485 0.40587121 0.215625   0.26912879 0.5155303
  0.40350379 0.26212121 0.         0.39147727 0.44867424 0.58352273
  0.40075758 0.40179924 0.53674242 0.38106061 0.38200758 0.34526515
  0.44261364 0.45075758 0.34507576 0.28598485 0.31458333 0.40037879
  0.31003788 0.38181818 0.37339015 0.50340909 0.37159091 0.45909091
  0.30198864 0.37310606]
 [0.32329545 0.21988636 0.48219697 0.25871212 0.44545455 0.525
  0.2407197  0.33655303 0.39147727 0.         0.5344697  0.55833333
  0.43721591 0.3407197  0.51799242 0.36818182 0.34147727 0.29299242
  0.2905303  0.31363636 0.33068182 0.38162879 0.33106061 0.31893939
  0.33418561 0.23295455 0.33484848 0.43465909 0.28238636 0.46590909
  0.17916667 0.35056818]
 [0.40587121 0.39223485 0.40227273 0.4032197  0.35037879 0.42954545
  0.43844697 0.40359848 0.44867424 0.5344697  0.         0.42443182
  0.45776515 0.43087121 0.50852273 0.47367424 0.46363636 0.45662879
  0.44034091 0.36647727 0.44810606 0.39772727 0.46534091 0.39772727
  0.42727273 0.38825758 0.46098485 0.3217803  0.38939394 0.45738636
  0.35568182 0.40738636]
 [0.6217803  0.56742424 0.52007576 0.49507576 0.41231061 0.3782197
  0.63977273 0.62215909 0.58352273 0.55833333 0.42443182 0.
  0.68314394 0.60340909 0.67424242 0.54981061 0.64431818 0.64431818
  0.70265152 0.56534091 0.69886364 0.65435606 0.61685606 0.50871212
  0.58977273 0.57973485 0.52424242 0.37291667 0.47765152 0.56458333
  0.58409091 0.63503788]
 [0.29299242 0.29015152 0.48996212 0.31287879 0.42310606 0.52102273
  0.3907197  0.34715909 0.40075758 0.43721591 0.45776515 0.68314394
  0.         0.38390152 0.47727273 0.34147727 0.26268939 0.33825758
  0.37992424 0.37272727 0.36714015 0.29318182 0.33238636 0.40454545
  0.30691288 0.36193182 0.42348485 0.49356061 0.31912879 0.44715909
  0.2719697  0.25833333]
 [0.30833333 0.24280303 0.52310606 0.29791667 0.43181818 0.57859848
  0.37518939 0.38768939 0.40179924 0.3407197  0.43087121 0.60340909
  0.38390152 0.         0.52746212 0.44488636 0.38702652 0.29829545
  0.39460227 0.35350379 0.37443182 0.35113636 0.35511364 0.37083333
  0.37045455 0.26534091 0.38314394 0.41041667 0.26174242 0.48314394
  0.29450758 0.37367424]
 [0.50549242 0.39924242 0.53920455 0.44886364 0.39715909 0.55435606
  0.57575758 0.57537879 0.53674242 0.51799242 0.50852273 0.67424242
  0.47727273 0.52746212 0.         0.65795455 0.51609848 0.45625
  0.59886364 0.58977273 0.53030303 0.47329545 0.5625     0.66174242
  0.49393939 0.58125    0.63295455 0.56950758 0.55833333 0.60549242
  0.51969697 0.51761364]
 [0.30625    0.33267045 0.53314394 0.32045455 0.44659091 0.47670455
  0.41098485 0.43276515 0.38106061 0.36818182 0.47367424 0.54981061
  0.34147727 0.44488636 0.65795455 0.         0.39450758 0.34791667
  0.40217803 0.37727273 0.44015152 0.31136364 0.39924242 0.42594697
  0.30539773 0.43996212 0.32840909 0.45075758 0.32708333 0.4875
  0.34299242 0.26912879]
 [0.37481061 0.30151515 0.48030303 0.28617424 0.4469697  0.48276515
  0.44261364 0.40511364 0.38200758 0.34147727 0.46363636 0.64431818
  0.26268939 0.38702652 0.51609848 0.39450758 0.         0.39659091
  0.49848485 0.43920455 0.46732955 0.32878788 0.50265152 0.47130682
  0.39356061 0.4219697  0.43030303 0.52234848 0.41079545 0.52367424
  0.43541667 0.34715909]
 [0.3592803  0.17973485 0.45852273 0.24412879 0.40284091 0.46117424
  0.37386364 0.35918561 0.34526515 0.29299242 0.45662879 0.64431818
  0.33825758 0.29829545 0.45625    0.34791667 0.39659091 0.
  0.41136364 0.45170455 0.34128788 0.29611742 0.39791667 0.38191288
  0.33958333 0.40492424 0.43039773 0.48541667 0.33731061 0.54393939
  0.33939394 0.35416667]
 [0.4375     0.33049242 0.50606061 0.27310606 0.49848485 0.43219697
  0.47253788 0.38143939 0.44261364 0.2905303  0.44034091 0.70265152
  0.37992424 0.39460227 0.59886364 0.40217803 0.49848485 0.41136364
  0.         0.478125   0.44734848 0.42945076 0.48617424 0.46221591
  0.37395833 0.42708333 0.46524621 0.57954545 0.47045455 0.43314394
  0.30511364 0.38977273]
 [0.47045455 0.39583333 0.58560606 0.32632576 0.54810606 0.39715909
  0.43371212 0.33693182 0.45075758 0.31363636 0.36647727 0.56534091
  0.37272727 0.35350379 0.58977273 0.37727273 0.43920455 0.45170455
  0.478125   0.         0.44630682 0.37291667 0.44327652 0.36107955
  0.34583333 0.33210227 0.34024621 0.48125    0.34356061 0.49886364
  0.40151515 0.41060606]
 [0.44905303 0.22291667 0.47689394 0.25151515 0.37840909 0.41420455
  0.45227273 0.25681818 0.34507576 0.33068182 0.44810606 0.69886364
  0.36714015 0.37443182 0.53030303 0.44015152 0.46732955 0.34128788
  0.44734848 0.44630682 0.         0.39479167 0.434375   0.47878788
  0.33560606 0.44422348 0.45748106 0.5969697  0.4842803  0.49943182
  0.3530303  0.39469697]
 [0.36079545 0.30776515 0.42613636 0.27632576 0.39223485 0.48617424
  0.42310606 0.30208333 0.28598485 0.38162879 0.39772727 0.65435606
  0.29318182 0.35113636 0.47329545 0.31136364 0.32878788 0.29611742
  0.42945076 0.37291667 0.39479167 0.         0.33835227 0.47964015
  0.22926136 0.44232955 0.4436553  0.53125    0.43674242 0.44318182
  0.37670455 0.32244318]
 [0.25795455 0.25852273 0.50681818 0.26136364 0.37746212 0.47840909
  0.39981061 0.40852273 0.31458333 0.33106061 0.46534091 0.61685606
  0.33238636 0.35511364 0.5625     0.39924242 0.50265152 0.39791667
  0.48617424 0.44327652 0.434375   0.33835227 0.         0.45340909
  0.35871212 0.42301136 0.39517045 0.49791667 0.3936553  0.57518939
  0.34640152 0.42869318]
 [0.42594697 0.35284091 0.56666667 0.29261364 0.45075758 0.50606061
  0.45265152 0.43787879 0.40037879 0.31893939 0.39772727 0.50871212
  0.40454545 0.37083333 0.66174242 0.42594697 0.47130682 0.38191288
  0.46221591 0.36107955 0.47878788 0.47964015 0.45340909 0.
  0.41344697 0.41477273 0.30700758 0.36003788 0.21628788 0.56515152
  0.38863636 0.44147727]
 [0.25473485 0.26950758 0.40056818 0.24715909 0.33143939 0.47234848
  0.33390152 0.275      0.31003788 0.33418561 0.42727273 0.58977273
  0.30691288 0.37045455 0.49393939 0.30539773 0.39356061 0.33958333
  0.37395833 0.34583333 0.33560606 0.22926136 0.35871212 0.41344697
  0.         0.33683712 0.37026515 0.50833333 0.39668561 0.48087121
  0.36401515 0.34943182]
 [0.35246212 0.29185606 0.47746212 0.28844697 0.43522727 0.46212121
  0.3719697  0.35094697 0.38181818 0.23295455 0.38825758 0.57973485
  0.36193182 0.26534091 0.58125    0.43996212 0.4219697  0.40492424
  0.42708333 0.33210227 0.44422348 0.44232955 0.42301136 0.41477273
  0.33683712 0.         0.35653409 0.47310606 0.38371212 0.53352273
  0.34034091 0.48238636]
 [0.41382576 0.3469697  0.56325758 0.27935606 0.43655303 0.48465909
  0.42329545 0.39867424 0.37339015 0.33484848 0.46098485 0.52424242
  0.42348485 0.38314394 0.63295455 0.32840909 0.43030303 0.43039773
  0.46524621 0.34024621 0.45748106 0.4436553  0.39517045 0.30700758
  0.37026515 0.35653409 0.         0.37462121 0.28674242 0.54242424
  0.39375    0.4344697 ]
 [0.49356061 0.49015152 0.42045455 0.39867424 0.43049242 0.35511364
  0.53617424 0.50965909 0.50340909 0.43465909 0.3217803  0.37291667
  0.49356061 0.41041667 0.56950758 0.45075758 0.52234848 0.48541667
  0.57954545 0.48125    0.5969697  0.53125    0.49791667 0.36003788
  0.50833333 0.47310606 0.37462121 0.         0.37935606 0.58181818
  0.57329545 0.59924242]
 [0.37253788 0.33304924 0.53068182 0.2594697  0.42632576 0.42140152
  0.39715909 0.35899621 0.37159091 0.28238636 0.38939394 0.47765152
  0.31912879 0.26174242 0.55833333 0.32708333 0.41079545 0.33731061
  0.47045455 0.34356061 0.4842803  0.43674242 0.3936553  0.21628788
  0.39668561 0.38371212 0.28674242 0.37935606 0.         0.58162879
  0.45227273 0.46401515]
 [0.47537879 0.48200758 0.43636364 0.43617424 0.44109848 0.44715909
  0.53825758 0.41287879 0.45909091 0.46590909 0.45738636 0.56458333
  0.44715909 0.48314394 0.60549242 0.4875     0.52367424 0.54393939
  0.43314394 0.49886364 0.49943182 0.44318182 0.57518939 0.56515152
  0.48087121 0.53352273 0.54242424 0.58181818 0.58162879 0.
  0.46268939 0.48844697]
 [0.33465909 0.27007576 0.52973485 0.28257576 0.3655303  0.39602273
  0.28295455 0.3032197  0.30198864 0.17916667 0.35568182 0.58409091
  0.2719697  0.29450758 0.51969697 0.34299242 0.43541667 0.33939394
  0.30511364 0.40151515 0.3530303  0.37670455 0.34640152 0.38863636
  0.36401515 0.34034091 0.39375    0.57329545 0.45227273 0.46268939
  0.         0.33892045]
 [0.36685606 0.3375     0.51496212 0.34109848 0.45587121 0.50511364
  0.37897727 0.28996212 0.37310606 0.35056818 0.40738636 0.63503788
  0.25833333 0.37367424 0.51761364 0.26912879 0.34715909 0.35416667
  0.38977273 0.41060606 0.39469697 0.32244318 0.42869318 0.44147727
  0.34943182 0.48238636 0.4344697  0.59924242 0.46401515 0.48844697
  0.33892045 0.        ]]






beta :
[2, 2, 2, 0, 0, 6, 3, 1, 3, 2, 1, 18, 0, 2, 0, 2, 3, 1, 0, 1, 0, 0, 1, 1, 1, 3, 2, 2, 0, 12, 2, 5]
layout pos values: [[0.71428392 0.32098611 0.08049129 0.05516873]
 [0.77272268 0.52976912 0.08049129 0.05516873]
 [0.72575095 0.42842535 0.08049129 0.05516873]
 [0.72551209 0.65027386 0.08049129 0.05516873]
 [0.74313895 0.76797839 0.08049129 0.05516873]
 [0.62780012 0.7646854  0.08049129 0.05516873]
 [0.66020997 0.54474752 0.08049129 0.05516873]
 [0.62484916 0.33595138 0.08049129 0.05516873]
 [0.58248466 0.86614123 0.08049129 0.05516873]
 [0.57299065 0.93216999 0.08049129 0.05516873]
 [0.3366675  0.92881525 0.08049129 0.05516873]
 [0.33341717 0.86425099 0.08049129 0.05516873]
 [0.45585332 0.76841773 0.08049129 0.05516873]
 [0.56045351 0.66033871 0.08049129 0.05516873]
 [0.45575324 0.5528293  0.08049129 0.05516873]
 [0.56666415 0.44045349 0.08049129 0.05516873]
 [0.33661044 0.25765177 0.08049129 0.05516873]
 [0.35094175 0.19475125 0.08049129 0.05516873]
 [0.45282037 0.19380045 0.08049129 0.05516873]
 [0.55491866 0.19572463 0.08049129 0.05516873]
 [0.57011415 0.25702322 0.08049129 0.05516873]
 [0.45470994 0.33899614 0.08049129 0.05516873]
 [0.34999964 0.44067196 0.08049129 0.05516873]
 [0.3511443  0.66008485 0.08049129 0.05516873]
 [0.2900036  0.33606073 0.08049129 0.05516873]
 [0.2534137  0.54419291 0.08049129 0.05516873]
 [0.28704378 0.76139836 0.08049129 0.05516873]
 [0.1757549  0.76126284 0.08049129 0.05516873]
 [0.19022273 0.64787933 0.08049129 0.05516873]
 [0.19322327 0.42877818 0.08049129 0.05516873]
 [0.13543089 0.52851129 0.08049129 0.05516873]
 [0.19154841 0.32068327 0.08049129 0.05516873]]
binarized matrix POST-PRE: [[0, 0, 0, 0, 0, 0, 0, 0, 0, 0, 0, 1, 0, 0, 0, 0, 0, 0, 0, 0, 0, 0,
        0, 0, 0, 0, 0, 0, 0, 1, 0, 0],
       [0, 0, 0, 0, 0, 0, 0, 0, 0, 0, 0, 1, 0, 0, 0, 0, 0, 0, 0, 0, 0, 0,
        0, 0, 0, 0, 0, 0, 0, 1, 0, 0],
       [0, 0, 0, 0, 0, 0, 1, 0, 0, 0, 0, 0, 0, 0, 0, 0, 0, 0, 0, 0, 0, 0,
        0, 0, 0, 0, 0, 0, 0, 0, 1, 0],
       [0, 0, 0, 0, 0, 0, 0, 0, 0, 0, 0, 0, 0, 0, 0, 0, 0, 0, 0, 0, 0, 0,
        0, 0, 0, 0, 0, 0, 0, 0, 0, 0],
       [0, 0, 0, 0, 0, 0, 0, 0, 0, 0, 0, 0, 0, 0, 0, 0, 0, 0, 0, 0, 0, 0,
        0, 0, 0, 0, 0, 0, 0, 0, 0, 0],
       [0, 0, 0, 0, 0, 0, 0, 0, 1, 0, 0, 0, 0, 1, 0, 0, 1, 0, 0, 0, 0, 0,
        0, 0, 0, 1, 0, 0, 0, 1, 0, 1],
       [0, 0, 1, 0, 0, 0, 0, 0, 0, 0, 0, 1, 0, 0, 0, 0, 0, 0, 0, 0, 0, 0,
        0, 0, 0, 0, 0, 0, 0, 1, 0, 0],
       [0, 0, 0, 0, 0, 0, 0, 0, 0, 0, 0, 1, 0, 0, 0, 0, 0, 0, 0, 0, 0, 0,
        0, 0, 0, 0, 0, 0, 0, 0, 0, 0],
       [0, 0, 0, 0, 0, 1, 0, 0, 0, 0, 0, 1, 0, 0, 0, 0, 0, 0, 0, 0, 0, 0,
        0, 0, 0, 0, 0, 0, 0, 1, 0, 0],
       [0, 0, 0, 0, 0, 0, 0, 0, 0, 0, 0, 1, 0, 0, 0, 0, 0, 0, 0, 0, 0, 0,
        0, 0, 0, 0, 0, 0, 0, 1, 0, 0],
       [0, 0, 0, 0, 0, 0, 0, 0, 0, 0, 0, 0, 0, 0, 0, 0, 1, 0, 0, 0, 0, 0,
        0, 0, 0, 0, 0, 0, 0, 0, 0, 0],
       [1, 1, 0, 0, 0, 0, 1, 1, 1, 1, 0, 0, 0, 1, 0, 1, 1, 1, 0, 1, 0, 0,
        1, 0, 1, 1, 1, 0, 0, 1, 1, 1],
       [0, 0, 0, 0, 0, 0, 0, 0, 0, 0, 0, 0, 0, 0, 0, 0, 0, 0, 0, 0, 0, 0,
        0, 0, 0, 0, 0, 0, 0, 0, 0, 0],
       [0, 0, 0, 0, 0, 1, 0, 0, 0, 0, 0, 1, 0, 0, 0, 0, 0, 0, 0, 0, 0, 0,
        0, 0, 0, 0, 0, 0, 0, 0, 0, 0],
       [0, 0, 0, 0, 0, 0, 0, 0, 0, 0, 0, 0, 0, 0, 0, 0, 0, 0, 0, 0, 0, 0,
        0, 0, 0, 0, 0, 0, 0, 0, 0, 0],
       [0, 0, 0, 0, 0, 0, 0, 0, 0, 0, 0, 1, 0, 0, 0, 0, 0, 0, 0, 0, 0, 0,
        0, 0, 0, 0, 0, 0, 0, 1, 0, 0],
       [0, 0, 0, 0, 0, 1, 0, 0, 0, 0, 1, 1, 0, 0, 0, 0, 0, 0, 0, 0, 0, 0,
        0, 0, 0, 0, 0, 0, 0, 0, 0, 0],
       [0, 0, 0, 0, 0, 0, 0, 0, 0, 0, 0, 1, 0, 0, 0, 0, 0, 0, 0, 0, 0, 0,
        0, 0, 0, 0, 0, 0, 0, 0, 0, 0],
       [0, 0, 0, 0, 0, 0, 0, 0, 0, 0, 0, 0, 0, 0, 0, 0, 0, 0, 0, 0, 0, 0,
        0, 0, 0, 0, 0, 0, 0, 0, 0, 0],
       [0, 0, 0, 0, 0, 0, 0, 0, 0, 0, 0, 1, 0, 0, 0, 0, 0, 0, 0, 0, 0, 0,
        0, 0, 0, 0, 0, 0, 0, 0, 0, 0],
       [0, 0, 0, 0, 0, 0, 0, 0, 0, 0, 0, 0, 0, 0, 0, 0, 0, 0, 0, 0, 0, 0,
        0, 0, 0, 0, 0, 0, 0, 0, 0, 0],
       [0, 0, 0, 0, 0, 0, 0, 0, 0, 0, 0, 0, 0, 0, 0, 0, 0, 0, 0, 0, 0, 0,
        0, 0, 0, 0, 0, 0, 0, 0, 0, 0],
       [0, 0, 0, 0, 0, 0, 0, 0, 0, 0, 0, 1, 0, 0, 0, 0, 0, 0, 0, 0, 0, 0,
        0, 0, 0, 0, 0, 0, 0, 0, 0, 0],
       [0, 0, 0, 0, 0, 0, 0, 0, 0, 0, 0, 0, 0, 0, 0, 0, 0, 0, 0, 0, 0, 0,
        0, 0, 0, 0, 0, 0, 0, 1, 0, 0],
       [0, 0, 0, 0, 0, 0, 0, 0, 0, 0, 0, 1, 0, 0, 0, 0, 0, 0, 0, 0, 0, 0,
        0, 0, 0, 0, 0, 0, 0, 0, 0, 0],
       [0, 0, 0, 0, 0, 1, 0, 0, 0, 0, 0, 1, 0, 0, 0, 0, 0, 0, 0, 0, 0, 0,
        0, 0, 0, 0, 0, 0, 0, 0, 0, 1],
       [0, 0, 0, 0, 0, 0, 0, 0, 0, 0, 0, 1, 0, 0, 0, 0, 0, 0, 0, 0, 0, 0,
        0, 0, 0, 0, 0, 0, 0, 1, 0, 0],
       [0, 0, 0, 0, 0, 0, 0, 0, 0, 0, 0, 0, 0, 0, 0, 0, 0, 0, 0, 0, 0, 0,
        0, 0, 0, 0, 0, 0, 0, 1, 0, 1],
       [0, 0, 0, 0, 0, 0, 0, 0, 0, 0, 0, 0, 0, 0, 0, 0, 0, 0, 0, 0, 0, 0,
        0, 0, 0, 0, 0, 0, 0, 0, 0, 0],
       [1, 1, 0, 0, 0, 1, 1, 0, 1, 1, 0, 1, 0, 0, 0, 1, 0, 0, 0, 0, 0, 0,
        0, 1, 0, 0, 1, 1, 0, 0, 0, 1],
       [0, 0, 1, 0, 0, 0, 0, 0, 0, 0, 0, 1, 0, 0, 0, 0, 0, 0, 0, 0, 0, 0,
        0, 0, 0, 0, 0, 0, 0, 0, 0, 0],
       [0, 0, 0, 0, 0, 1, 0, 0, 0, 0, 0, 1, 0, 0, 0, 0, 0, 0, 0, 0, 0, 0,
        0, 0, 0, 1, 0, 1, 0, 1, 0, 0]]
GROUP1 FC matrix: [[0.         0.36252228 0.5366533  0.31288993 0.30932487 0.48072638
  0.28425802 0.41828209 0.30899064 0.22097816 0.23618538 0.32709447
  0.35539216 0.33929367 0.34430704 0.34271947 0.36803699 0.39354947
  0.38569519 0.42062166 0.4551582  0.4090352  0.30353164 0.38920455
  0.3844697  0.4102607  0.51180927 0.31539661 0.33210784 0.40808824
  0.31199866 0.29645722]
 [0.36252228 0.         0.36380348 0.30213904 0.3491533  0.40914661
  0.23610183 0.30904635 0.24849599 0.24688057 0.25055704 0.23618538
  0.2703877  0.26799242 0.41287879 0.32325089 0.30993761 0.25657308
  0.26278409 0.32776292 0.40808824 0.3546123  0.34402852 0.26977496
  0.33377897 0.26147504 0.4103721  0.34608957 0.25016711 0.39009581
  0.27217023 0.24509804]
 [0.5366533  0.36380348 0.         0.42307264 0.41599822 0.39120989
  0.37789661 0.42491087 0.34063057 0.3370098  0.29300357 0.44774955
  0.40385472 0.40502451 0.50885695 0.4375557  0.457832   0.35555927
  0.41432709 0.50473485 0.5801582  0.479668   0.51275624 0.44774955
  0.42312834 0.51180927 0.46317959 0.35349822 0.44362745 0.4701426
  0.39499777 0.39171123]
 [0.31288993 0.30213904 0.42307264 0.         0.41516266 0.42201426
  0.33778966 0.26476159 0.20281863 0.27061052 0.25601604 0.34163324
  0.28620766 0.28208556 0.35951426 0.29305927 0.34464127 0.31311275
  0.33494875 0.35174354 0.3682598  0.29450758 0.2921123  0.35684046
  0.2677139  0.40435606 0.49498663 0.34636809 0.31968583 0.44123217
  0.26882799 0.25456774]
 [0.30932487 0.3491533  0.41599822 0.41516266 0.         0.417168
  0.37199198 0.39432932 0.3980615  0.32982398 0.28693182 0.36747995
  0.43237522 0.41204323 0.47125668 0.42914439 0.34213458 0.39087567
  0.3953877  0.31378119 0.42591355 0.38953877 0.33901515 0.3478164
  0.41131907 0.45671791 0.30358734 0.35377674 0.33227496 0.30553699
  0.31612077 0.30854501]
 [0.48072638 0.40914661 0.39120989 0.42201426 0.417168   0.
  0.47404189 0.3967246  0.46000446 0.40413324 0.30085784 0.43092692
  0.43254234 0.45070187 0.53208556 0.48445856 0.39070856 0.46217692
  0.46997549 0.4157754  0.45309715 0.42435383 0.47833111 0.40580437
  0.47721702 0.44346034 0.30670677 0.35088012 0.36942959 0.40875668
  0.35678476 0.41260027]
 [0.28425802 0.23610183 0.37789661 0.33778966 0.37199198 0.47404189
  0.         0.29812834 0.2227607  0.2275791  0.25155971 0.21746881
  0.2758467  0.29562166 0.39449643 0.2866533  0.26648841 0.2642324
  0.24972148 0.30896279 0.3314951  0.29356061 0.3396836  0.26398173
  0.30325312 0.31261141 0.41092914 0.31010472 0.24470811 0.37644831
  0.26130793 0.2438447 ]
 [0.41828209 0.30904635 0.42491087 0.26476159 0.39432932 0.3967246
  0.29812834 0.         0.20003342 0.20638369 0.26737968 0.26075089
  0.29333779 0.28765597 0.40563725 0.36352496 0.34263592 0.30420009
  0.30687389 0.44552139 0.46134135 0.40909091 0.35622772 0.32598039
  0.26866087 0.37410873 0.42585784 0.32241533 0.31414327 0.4714238
  0.29461898 0.30782086]
 [0.30899064 0.24849599 0.34063057 0.20281863 0.3980615  0.46000446
  0.2227607  0.20003342 0.         0.25738079 0.24387255 0.292168
  0.25690731 0.29445187 0.35227273 0.27534537 0.34202317 0.28364528
  0.31021613 0.34976604 0.39761586 0.34993316 0.41221034 0.35906863
  0.35132576 0.39499777 0.49498663 0.34152184 0.34071413 0.44045232
  0.3056484  0.28501003]
 [0.22097816 0.24688057 0.3370098  0.27061052 0.32982398 0.40413324
  0.2275791  0.20638369 0.25738079 0.         0.25874554 0.25038993
  0.18087121 0.26815954 0.29637366 0.24554367 0.24754902 0.25576537
  0.22270499 0.30319742 0.33946078 0.26504011 0.29247438 0.28893717
  0.34553253 0.28659759 0.43404635 0.3002451  0.23638035 0.38012478
  0.23451426 0.24532086]
 [0.23618538 0.25055704 0.29300357 0.25601604 0.28693182 0.30085784
  0.25155971 0.26737968 0.24387255 0.25874554 0.         0.2323975
  0.23412433 0.26331328 0.27774064 0.25752005 0.28888146 0.25735294
  0.27389706 0.29083111 0.34709225 0.36179813 0.323418   0.29422906
  0.29200089 0.2907197  0.29133244 0.29957665 0.27562389 0.29784982
  0.27300579 0.25033422]
 [0.32709447 0.23618538 0.44774955 0.34163324 0.36747995 0.43092692
  0.21746881 0.26075089 0.292168   0.25038993 0.2323975  0.
  0.36282865 0.3397393  0.43633021 0.37433155 0.37004234 0.37889929
  0.38240865 0.36096257 0.48295455 0.38157308 0.40430036 0.32302807
  0.40388258 0.39625111 0.40886809 0.38898173 0.31946301 0.46440508
  0.3709893  0.34113191]
 [0.35539216 0.2703877  0.40385472 0.28620766 0.43237522 0.43254234
  0.2758467  0.29333779 0.25690731 0.18087121 0.23412433 0.36282865
  0.         0.29155526 0.3709893  0.36046123 0.39159982 0.40073529
  0.31634358 0.41499554 0.40424465 0.41655526 0.45059046 0.41477273
  0.45571524 0.40744764 0.55821078 0.33901515 0.34040775 0.50100267
  0.28506573 0.35895722]
 [0.33929367 0.26799242 0.40502451 0.28208556 0.41204323 0.45070187
  0.29562166 0.28765597 0.29445187 0.26815954 0.26331328 0.3397393
  0.29155526 0.         0.45777629 0.37477718 0.34678587 0.36720143
  0.30057932 0.4456328  0.41349153 0.44407308 0.45209447 0.4021836
  0.43543895 0.41131907 0.51609848 0.34480838 0.33032531 0.47877674
  0.33188503 0.33416889]
 [0.34430704 0.41287879 0.50885695 0.35951426 0.47125668 0.53208556
  0.39449643 0.40563725 0.35227273 0.29637366 0.27774064 0.43633021
  0.3709893  0.45777629 0.         0.42510584 0.4850713  0.46941845
  0.4605615  0.48072638 0.52551248 0.47888815 0.48930481 0.56678922
  0.50629456 0.55330882 0.59826203 0.37104501 0.46440508 0.55581551
  0.40257353 0.37990196]
 [0.34271947 0.32325089 0.4375557  0.29305927 0.42914439 0.48445856
  0.2866533  0.36352496 0.27534537 0.24554367 0.25752005 0.37433155
  0.36046123 0.37477718 0.42510584 0.         0.4102607  0.33344474
  0.34291444 0.43399064 0.49710339 0.41006573 0.47337344 0.43229167
  0.39385584 0.41900624 0.56701203 0.28754456 0.34881907 0.44223485
  0.35427807 0.28726604]
 [0.36803699 0.30993761 0.457832   0.34464127 0.34213458 0.39070856
  0.26648841 0.34263592 0.34202317 0.24754902 0.28888146 0.37004234
  0.39159982 0.34678587 0.4850713  0.4102607  0.         0.35926359
  0.3777852  0.3810996  0.37591912 0.39051359 0.42552362 0.33455882
  0.46239973 0.46752451 0.48156194 0.41627674 0.32419786 0.50551471
  0.27272727 0.34007353]
 [0.39354947 0.25657308 0.35555927 0.31311275 0.39087567 0.46217692
  0.2642324  0.30420009 0.28364528 0.25576537 0.25735294 0.37889929
  0.40073529 0.36720143 0.46941845 0.33344474 0.35926359 0.
  0.38939951 0.37285539 0.43655303 0.33787322 0.43850267 0.41290664
  0.36085116 0.42510584 0.54339349 0.37160205 0.34659091 0.4714795
  0.32584113 0.31105169]
 [0.38569519 0.26278409 0.41432709 0.33494875 0.3953877  0.46997549
  0.24972148 0.30687389 0.31021613 0.22270499 0.27389706 0.38240865
  0.31634358 0.30057932 0.4605615  0.34291444 0.3777852  0.38939951
  0.         0.40716912 0.34238525 0.29851827 0.40123663 0.40449532
  0.3783701  0.36502897 0.55208333 0.35951426 0.36536319 0.49348262
  0.30250111 0.38758913]
 [0.42062166 0.32776292 0.50473485 0.35174354 0.31378119 0.4157754
  0.30896279 0.44552139 0.34976604 0.30319742 0.29083111 0.36096257
  0.41499554 0.4456328  0.48072638 0.43399064 0.3810996  0.37285539
  0.40716912 0.         0.3967246  0.32486631 0.40299131 0.28155637
  0.41207108 0.42858734 0.4225156  0.44942068 0.33439171 0.47927807
  0.3274287  0.39004011]
 [0.4551582  0.40808824 0.5801582  0.3682598  0.42591355 0.45309715
  0.3314951  0.46134135 0.39761586 0.33946078 0.34709225 0.48295455
  0.40424465 0.41349153 0.52551248 0.49710339 0.37591912 0.43655303
  0.34238525 0.3967246  0.         0.39856283 0.45042335 0.42686052
  0.45137032 0.47908311 0.57559046 0.47259358 0.42518939 0.54467469
  0.32887701 0.3974209 ]
 [0.4090352  0.3546123  0.479668   0.29450758 0.38953877 0.42435383
  0.29356061 0.40909091 0.34993316 0.26504011 0.36179813 0.38157308
  0.41655526 0.44407308 0.47888815 0.41006573 0.39051359 0.33787322
  0.29851827 0.32486631 0.39856283 0.         0.44153855 0.32514483
  0.36065619 0.46326315 0.45733066 0.40948084 0.34280303 0.53292112
  0.32999109 0.34416778]
 [0.30353164 0.34402852 0.51275624 0.2921123  0.33901515 0.47833111
  0.3396836  0.35622772 0.41221034 0.29247438 0.323418   0.40430036
  0.45059046 0.45209447 0.48930481 0.47337344 0.42552362 0.43850267
  0.40123663 0.40299131 0.45042335 0.44153855 0.         0.44914216
  0.4075869  0.44229055 0.54862968 0.41594251 0.37051582 0.56634358
  0.2717246  0.33299911]
 [0.38920455 0.26977496 0.44774955 0.35684046 0.3478164  0.40580437
  0.26398173 0.32598039 0.35906863 0.28893717 0.29422906 0.32302807
  0.41477273 0.4021836  0.56678922 0.43229167 0.33455882 0.41290664
  0.40449532 0.28155637 0.42686052 0.32514483 0.44914216 0.
  0.46395945 0.44997772 0.35812166 0.4551025  0.33756684 0.44624554
  0.33302696 0.32074421]
 [0.3844697  0.33377897 0.42312834 0.2677139  0.41131907 0.47721702
  0.30325312 0.26866087 0.35132576 0.34553253 0.29200089 0.40388258
  0.45571524 0.43543895 0.50629456 0.39385584 0.46239973 0.36085116
  0.3783701  0.41207108 0.45137032 0.36065619 0.4075869  0.46395945
  0.         0.52673797 0.55425579 0.37483289 0.41560829 0.6209893
  0.34441845 0.42496658]
 [0.4102607  0.26147504 0.51180927 0.40435606 0.45671791 0.44346034
  0.31261141 0.37410873 0.39499777 0.28659759 0.2907197  0.39625111
  0.40744764 0.41131907 0.55330882 0.41900624 0.46752451 0.42510584
  0.36502897 0.42858734 0.47908311 0.46326315 0.44229055 0.44997772
  0.52673797 0.         0.57625891 0.43850267 0.39366087 0.58539439
  0.39449643 0.40480169]
 [0.51180927 0.4103721  0.46317959 0.49498663 0.30358734 0.30670677
  0.41092914 0.42585784 0.49498663 0.43404635 0.29133244 0.40886809
  0.55821078 0.51609848 0.59826203 0.56701203 0.48156194 0.54339349
  0.55208333 0.4225156  0.57559046 0.45733066 0.54862968 0.35812166
  0.55425579 0.57625891 0.         0.52055481 0.42903298 0.40586007
  0.48573975 0.45616087]
 [0.31539661 0.34608957 0.35349822 0.34636809 0.35377674 0.35088012
  0.31010472 0.32241533 0.34152184 0.3002451  0.29957665 0.38898173
  0.33901515 0.34480838 0.37104501 0.28754456 0.41627674 0.37160205
  0.35951426 0.44942068 0.47259358 0.40948084 0.41594251 0.4551025
  0.37483289 0.43850267 0.52055481 0.         0.38675357 0.4225713
  0.40847816 0.37410873]
 [0.33210784 0.25016711 0.44362745 0.31968583 0.33227496 0.36942959
  0.24470811 0.31414327 0.34071413 0.23638035 0.27562389 0.31946301
  0.34040775 0.33032531 0.46440508 0.34881907 0.32419786 0.34659091
  0.36536319 0.33439171 0.42518939 0.34280303 0.37051582 0.33756684
  0.41560829 0.39366087 0.42903298 0.38675357 0.         0.50362077
  0.31901738 0.27417558]
 [0.40808824 0.39009581 0.4701426  0.44123217 0.30553699 0.40875668
  0.37644831 0.4714238  0.44045232 0.38012478 0.29784982 0.46440508
  0.50100267 0.47877674 0.55581551 0.44223485 0.50551471 0.4714795
  0.49348262 0.47927807 0.54467469 0.53292112 0.56634358 0.44624554
  0.6209893  0.58539439 0.40586007 0.4225713  0.50362077 0.
  0.50022282 0.39198975]
 [0.31199866 0.27217023 0.39499777 0.26882799 0.31612077 0.35678476
  0.26130793 0.29461898 0.3056484  0.23451426 0.27300579 0.3709893
  0.28506573 0.33188503 0.40257353 0.35427807 0.27272727 0.32584113
  0.30250111 0.3274287  0.32887701 0.32999109 0.2717246  0.33302696
  0.34441845 0.39449643 0.48573975 0.40847816 0.31901738 0.50022282
  0.         0.28988414]
 [0.29645722 0.24509804 0.39171123 0.25456774 0.30854501 0.41260027
  0.2438447  0.30782086 0.28501003 0.24532086 0.25033422 0.34113191
  0.35895722 0.33416889 0.37990196 0.28726604 0.34007353 0.31105169
  0.38758913 0.39004011 0.3974209  0.34416778 0.33299911 0.32074421
  0.42496658 0.40480169 0.45616087 0.37410873 0.27417558 0.39198975
  0.28988414 0.        ]]

GROUP2 FC matrix: [[0.         0.36252228 0.3871992  0.27885472 0.39315954 0.44891934
  0.43788993 0.36235517 0.29311497 0.31885027 0.37332888 0.56099599
  0.26646056 0.26721257 0.4035762  0.30871212 0.36898396 0.25785428
  0.38006907 0.41388146 0.42892157 0.28113859 0.2676582  0.38296569
  0.2159648  0.39722594 0.36525178 0.38057041 0.35711898 0.4918672
  0.34341578 0.33996212]
 [0.36252228 0.         0.40435606 0.29060829 0.35667335 0.45955882
  0.38196301 0.27339572 0.25456774 0.34274733 0.38474822 0.50919118
  0.33274844 0.3423574  0.37422014 0.36831551 0.36174242 0.27774064
  0.39605615 0.37761809 0.3403242  0.30659537 0.33845811 0.35477941
  0.27094474 0.31199866 0.33366756 0.35037879 0.3166221  0.50222816
  0.27155749 0.3709336 ]
 [0.3871992  0.40435606 0.         0.38614082 0.34698084 0.4021279
  0.5665107  0.32793004 0.30241756 0.3763926  0.32820856 0.42073307
  0.38424688 0.41778075 0.49448529 0.44385027 0.48172906 0.34731506
  0.39878565 0.46913993 0.42056595 0.31706774 0.42401961 0.48317736
  0.3233066  0.47615865 0.457832   0.34809492 0.45047906 0.49342692
  0.48573975 0.4510361 ]
 [0.27885472 0.29060829 0.38614082 0.         0.26398173 0.46106283
  0.36149176 0.25913547 0.21680036 0.24615642 0.34118761 0.45203877
  0.30659537 0.30720811 0.38697638 0.34589461 0.3587344  0.22303922
  0.26854947 0.33132799 0.25562611 0.30286319 0.255459   0.26414884
  0.26710116 0.31211007 0.26988636 0.30938057 0.26275624 0.48050357
  0.30531417 0.35154857]
 [0.39315954 0.35667335 0.34698084 0.26398173 0.         0.43120544
  0.43404635 0.27885472 0.25557041 0.35388815 0.31411542 0.36068405
  0.40825535 0.35550357 0.3817959  0.41911765 0.44468583 0.28414661
  0.40480169 0.45660651 0.34558824 0.34898619 0.37059938 0.41260027
  0.33734403 0.38842469 0.40953654 0.34909759 0.39104278 0.4715352
  0.35828877 0.44112077]
 [0.44891934 0.45955882 0.4021279  0.46106283 0.43120544 0.
  0.53960561 0.43014706 0.53280971 0.48256462 0.33322193 0.34291444
  0.57625891 0.60210561 0.63636364 0.53253119 0.52902184 0.45281863
  0.47170232 0.43298797 0.43772282 0.54116533 0.48379011 0.47649287
  0.52072193 0.51843806 0.47860963 0.30119207 0.48050357 0.52155749
  0.43655303 0.55609403]
 [0.43788993 0.38196301 0.5665107  0.36149176 0.43404635 0.53960561
  0.         0.42006462 0.37928922 0.25501337 0.380459   0.57659314
  0.37140709 0.40090241 0.51437166 0.44312611 0.47944519 0.32793004
  0.43192959 0.40045677 0.42440954 0.39633467 0.4089795  0.45543672
  0.36527963 0.34113191 0.40112522 0.37706105 0.36235517 0.53113859
  0.3260361  0.37538993]
 [0.36235517 0.27339572 0.32793004 0.25913547 0.27885472 0.43014706
  0.42006462 0.         0.21652184 0.29222371 0.34926471 0.55765374
  0.32224822 0.34904189 0.42925579 0.33238636 0.442959   0.26754679
  0.31483957 0.35154857 0.30052362 0.24103164 0.34751003 0.38224153
  0.22950089 0.3750557  0.36731283 0.37165775 0.36870544 0.47532308
  0.33430816 0.33489305]
 [0.29311497 0.25456774 0.30241756 0.21680036 0.25557041 0.53280971
  0.37928922 0.21652184 0.         0.37759024 0.34620098 0.55821078
  0.39087567 0.37310606 0.40229501 0.3736074  0.39310383 0.23039216
  0.34842914 0.37706105 0.30141488 0.25974822 0.31199866 0.39104278
  0.29851827 0.40842246 0.37714461 0.39588904 0.38290998 0.49554367
  0.3410762  0.39641823]
 [0.31885027 0.34274733 0.3763926  0.24615642 0.35388815 0.48256462
  0.25501337 0.29222371 0.37759024 0.         0.45699643 0.52896613
  0.4089795  0.31645499 0.45326426 0.36422126 0.37605838 0.25779857
  0.32235963 0.31105169 0.30091355 0.36569742 0.3342246  0.32581328
  0.34483623 0.26654412 0.3356172  0.2989082  0.24195076 0.52618093
  0.32258244 0.41070633]
 [0.37332888 0.38474822 0.32820856 0.34118761 0.31411542 0.33322193
  0.380459   0.34926471 0.34620098 0.45699643 0.         0.40324198
  0.43621881 0.40012255 0.46785873 0.42719474 0.49844029 0.38786765
  0.42067736 0.41872772 0.42619207 0.38341132 0.4130459  0.42017602
  0.42518939 0.4279746  0.45850045 0.3084336  0.40886809 0.46446078
  0.37628119 0.41232175]
 [0.56099599 0.50919118 0.42073307 0.45203877 0.36068405 0.34291444
  0.57659314 0.55765374 0.55821078 0.52896613 0.40324198 0.
  0.63090463 0.57720588 0.63965018 0.50846702 0.57915553 0.53860294
  0.5733066  0.52194742 0.63480392 0.61062834 0.52818627 0.42819742
  0.52256016 0.52139037 0.51286765 0.32274955 0.42602496 0.54590018
  0.53520499 0.60260695]
 [0.26646056 0.33274844 0.38424688 0.30659537 0.40825535 0.57625891
  0.37140709 0.32224822 0.39087567 0.4089795  0.43621881 0.63090463
  0.         0.38413547 0.36073975 0.30063503 0.25384358 0.24813391
  0.30904635 0.29818405 0.33817959 0.26409314 0.29901961 0.44538213
  0.2879902  0.39460784 0.43321078 0.38714349 0.32118984 0.4443516
  0.3043115  0.24131016]
 [0.26721257 0.3423574  0.41778075 0.30720811 0.35550357 0.60210561
  0.40090241 0.34904189 0.37310606 0.31645499 0.40012255 0.57720588
  0.38413547 0.         0.45994875 0.41421569 0.40652852 0.2527295
  0.37700535 0.37422014 0.38391266 0.29673574 0.33745544 0.41906194
  0.33408534 0.34124332 0.38380125 0.32553476 0.26465018 0.53158422
  0.33756684 0.34324866]
 [0.4035762  0.37422014 0.49448529 0.38697638 0.3817959  0.63636364
  0.51437166 0.42925579 0.40229501 0.45326426 0.46785873 0.63965018
  0.36073975 0.45994875 0.         0.54718137 0.45393271 0.35851159
  0.4931484  0.4836787  0.4823975  0.31578654 0.49381684 0.59157754
  0.35678476 0.50534759 0.53125    0.47537879 0.48668672 0.58673128
  0.47097816 0.39655749]
 [0.30871212 0.36831551 0.44385027 0.34589461 0.41911765 0.53253119
  0.44312611 0.33238636 0.3736074  0.36422126 0.42719474 0.50846702
  0.30063503 0.41421569 0.54718137 0.         0.44334893 0.33177362
  0.35096368 0.40510807 0.3912656  0.34720365 0.35238414 0.37316176
  0.34815062 0.44134358 0.31548017 0.34519831 0.31598151 0.50284091
  0.3342803  0.27069407]
 [0.36898396 0.36174242 0.48172906 0.3587344  0.44468583 0.52902184
  0.47944519 0.442959   0.39310383 0.37605838 0.49844029 0.57915553
  0.25384358 0.40652852 0.45393271 0.44334893 0.         0.42655414
  0.48612968 0.37472148 0.44479724 0.36497326 0.46654969 0.44507576
  0.38065397 0.43354501 0.39176693 0.43081551 0.41104055 0.57570187
  0.48256462 0.3682041 ]
 [0.25785428 0.27774064 0.34731506 0.22303922 0.28414661 0.45281863
  0.32793004 0.26754679 0.23039216 0.25779857 0.38786765 0.53860294
  0.24813391 0.2527295  0.35851159 0.33177362 0.42655414 0.
  0.33787322 0.40496881 0.32979612 0.29779412 0.32751225 0.34135472
  0.32364082 0.37669898 0.35330325 0.31885027 0.27077763 0.54127674
  0.38608512 0.36026627]
 [0.38006907 0.39605615 0.39878565 0.26854947 0.40480169 0.47170232
  0.43192959 0.31483957 0.34842914 0.32235963 0.42067736 0.5733066
  0.30904635 0.37700535 0.4931484  0.35096368 0.48612968 0.33787322
  0.         0.44293115 0.36555816 0.43827986 0.36394274 0.37828654
  0.38764483 0.43602384 0.38176805 0.38129456 0.37472148 0.51531863
  0.39705882 0.38558378]
 [0.41388146 0.37761809 0.46913993 0.33132799 0.45660651 0.43298797
  0.40045677 0.35154857 0.37706105 0.31105169 0.41872772 0.52194742
  0.29818405 0.37422014 0.4836787  0.40510807 0.37472148 0.40496881
  0.44293115 0.         0.42360183 0.34422348 0.43507687 0.37850936
  0.29227941 0.31358623 0.33628565 0.32848708 0.29634581 0.52679367
  0.43499332 0.395332  ]
 [0.42892157 0.3403242  0.42056595 0.25562611 0.34558824 0.43772282
  0.42440954 0.30052362 0.30141488 0.30091355 0.42619207 0.63480392
  0.33817959 0.38391266 0.4823975  0.3912656  0.44479724 0.32979612
  0.36555816 0.42360183 0.         0.37229835 0.36171457 0.42981283
  0.40572081 0.46214906 0.44390597 0.44000668 0.42329545 0.53442513
  0.37071078 0.39366087]
 [0.28113859 0.30659537 0.31706774 0.30286319 0.34898619 0.54116533
  0.39633467 0.24103164 0.25974822 0.36569742 0.38341132 0.61062834
  0.26409314 0.29673574 0.31578654 0.34720365 0.36497326 0.29779412
  0.43827986 0.34422348 0.37229835 0.         0.38391266 0.4660762
  0.25019496 0.43894831 0.42967357 0.4402852  0.42034314 0.45404412
  0.4211787  0.32542335]
 [0.2676582  0.33845811 0.42401961 0.255459   0.37059938 0.48379011
  0.4089795  0.34751003 0.31199866 0.3342246  0.4130459  0.52818627
  0.29901961 0.33745544 0.49381684 0.35238414 0.46654969 0.32751225
  0.36394274 0.43507687 0.36171457 0.38391266 0.         0.40299131
  0.39611185 0.44471368 0.34082553 0.39360517 0.39254679 0.56963012
  0.34152184 0.41131907]
 [0.38296569 0.35477941 0.48317736 0.26414884 0.41260027 0.47649287
  0.45543672 0.38224153 0.39104278 0.32581328 0.42017602 0.42819742
  0.44538213 0.41906194 0.59157754 0.37316176 0.44507576 0.34135472
  0.37828654 0.37850936 0.42981283 0.4660762  0.40299131 0.
  0.3885918  0.39087567 0.32865419 0.29779412 0.21941845 0.57013146
  0.35945856 0.43861408]
 [0.2159648  0.27094474 0.3233066  0.26710116 0.33734403 0.52072193
  0.36527963 0.22950089 0.29851827 0.34483623 0.42518939 0.52256016
  0.2879902  0.33408534 0.35678476 0.34815062 0.38065397 0.32364082
  0.38764483 0.29227941 0.40572081 0.25019496 0.39611185 0.3885918
  0.         0.3607119  0.33831885 0.41649955 0.40173797 0.54392268
  0.3438057  0.36589238]
 [0.39722594 0.31199866 0.47615865 0.31211007 0.38842469 0.51843806
  0.34113191 0.3750557  0.40842246 0.26654412 0.4279746  0.52139037
  0.39460784 0.34124332 0.50534759 0.44134358 0.43354501 0.37669898
  0.43602384 0.31358623 0.46214906 0.43894831 0.44471368 0.39087567
  0.3607119  0.         0.34840129 0.31567513 0.3424131  0.54422906
  0.3287656  0.48980615]
 [0.36525178 0.33366756 0.457832   0.26988636 0.40953654 0.47860963
  0.40112522 0.36731283 0.37714461 0.3356172  0.45850045 0.51286765
  0.43321078 0.38380125 0.53125    0.31548017 0.39176693 0.35330325
  0.38176805 0.33628565 0.44390597 0.42967357 0.34082553 0.32865419
  0.33831885 0.34840129 0.         0.32664884 0.25668449 0.53871435
  0.35135361 0.41090129]
 [0.38057041 0.35037879 0.34809492 0.30938057 0.34909759 0.30119207
  0.37706105 0.37165775 0.39588904 0.2989082  0.3084336  0.32274955
  0.38714349 0.32553476 0.47537879 0.34519831 0.43081551 0.31885027
  0.38129456 0.32848708 0.44000668 0.4402852  0.39360517 0.29779412
  0.41649955 0.31567513 0.32664884 0.         0.30386586 0.55531417
  0.48278743 0.51325758]
 [0.35711898 0.3166221  0.45047906 0.26275624 0.39104278 0.48050357
  0.36235517 0.36870544 0.38290998 0.24195076 0.40886809 0.42602496
  0.32118984 0.26465018 0.48668672 0.31598151 0.41104055 0.27077763
  0.37472148 0.29634581 0.42329545 0.42034314 0.39254679 0.21941845
  0.40173797 0.3424131  0.25668449 0.30386586 0.         0.64059715
  0.43788993 0.47156306]
 [0.4918672  0.50222816 0.49342692 0.48050357 0.4715352  0.52155749
  0.53113859 0.47532308 0.49554367 0.52618093 0.46446078 0.54590018
  0.4443516  0.53158422 0.58673128 0.50284091 0.57570187 0.54127674
  0.51531863 0.52679367 0.53442513 0.45404412 0.56963012 0.57013146
  0.54392268 0.54422906 0.53871435 0.55531417 0.64059715 0.
  0.50629456 0.49002897]
 [0.34341578 0.27155749 0.48573975 0.30531417 0.35828877 0.43655303
  0.3260361  0.33430816 0.3410762  0.32258244 0.37628119 0.53520499
  0.3043115  0.33756684 0.47097816 0.3342803  0.48256462 0.38608512
  0.39705882 0.43499332 0.37071078 0.4211787  0.34152184 0.35945856
  0.3438057  0.3287656  0.35135361 0.48278743 0.43788993 0.50629456
  0.         0.41906194]
 [0.33996212 0.3709336  0.4510361  0.35154857 0.44112077 0.55609403
  0.37538993 0.33489305 0.39641823 0.41070633 0.41232175 0.60260695
  0.24131016 0.34324866 0.39655749 0.27069407 0.3682041  0.36026627
  0.38558378 0.395332   0.39366087 0.32542335 0.41131907 0.43861408
  0.36589238 0.48980615 0.41090129 0.51325758 0.47156306 0.49002897
  0.41906194 0.        ]]


channel names: ['P8', 'T8', 'CP6', 'FC6', 'F8', 'F4', 'C4', 'P4', 'AF4', 'Fp2', 'Fp1', 'AF3', 'Fz', 'FC2', 'Cz', 'CP2', 'PO3', 'O1', 'Oz', 'O2', 'PO4', 'Pz', 'CP1', 'FC1', 'P3', 'C3', 'F3', 'F7', 'FC5', 'CP5', 'T7', 'P7']